###########################
####       SINGLE    ######
###########################
confusion matrix:
75269	839	791	12	0
1565	809	35	1	0
864	77	4795	9	0
471	0	88	42	0
6	0	9	0	0
acc:0.9444
confusion matrix:
74434	1170	1297	10	0
1423	943	44	0	0
909	12	4785	39	0
383	0	120	98	0
6	0	9	0	0
acc:0.9367
confusion matrix:
74699	1427	748	37	0
1549	778	82	1	0
924	95	4692	34	0
333	0	97	171	0
6	0	9	0	0
acc:0.9377
confusion matrix:
75148	1135	623	5	0
1614	778	18	0	0
1099	59	4576	11	0
403	0	72	126	0
5	0	10	0	0
acc:0.941
confusion matrix:
76103	86	698	24	0
1628	731	50	1	0
1153	1	4554	37	0
428	0	57	116	0
6	0	9	0	0
acc:0.9512
confusion matrix:
75319	475	1109	8	0
2099	223	88	0	0
1010	38	4695	2	0
348	0	157	96	0
7	0	8	0	0
acc:0.9376
confusion matrix:
74553	357	1985	16	0
1212	1061	137	0	0
952	63	4728	2	0
366	1	107	127	0
5	0	10	0	0
acc:0.9392
confusion matrix:
74513	1438	908	52	0
1406	961	43	0	0
646	341	4749	9	0
317	0	131	153	0
5	0	10	0	0
acc:0.9381
confusion matrix:
74821	589	1494	7	0
1720	642	48	0	0
883	29	4830	3	0
333	0	135	133	0
6	0	9	0	0
acc:0.9387
confusion matrix:
73234	1547	2116	14	0
1434	873	102	1	0
693	21	5027	4	0
300	0	168	133	0
5	0	10	0	0
acc:0.9251
{"times": 10, "epoch": 50, "min_delta": 0.02, "bias": 0, "ratio": 4, "patience": 3}
acc = [0.9444,0.9367,0.9377,0.941,0.9512,0.9376,0.9392,0.9381,0.9387,0.9251]
# 93.897% 3.85E-5
###########################
#####       WAVE    #######
###########################
confusion matrix:
76035	135	291	448	2
2354	12	42	2	0
1239	6	4426	72	2
125	0	34	442	0
9	0	6	0	0
acc:0.9444
confusion matrix:
74069	1636	865	341	0
1391	906	111	2	0
590	64	5086	5	0
177	0	150	274	0
10	0	5	0	0
acc:0.9376
confusion matrix:
74442	1781	531	157	0
1580	793	37	0	0
1033	17	4633	62	0
246	0	48	307	0
6	0	8	1	0
acc:0.9357
confusion matrix:
74932	1294	633	52	0
1339	934	137	0	0
742	208	4753	42	0
216	0	42	343	0
6	1	8	0	0
acc:0.9449
confusion matrix:
76127	176	441	167	0
2280	102	28	0	0
911	45	4773	16	0
172	0	134	295	0
7	0	8	0	0
acc:0.9488
confusion matrix:
76383	156	203	169	0
1552	758	99	1	0
2242	0	3425	78	0
523	0	12	66	0
13	0	2	0	0
acc:0.9411
confusion matrix:
74734	1186	973	18	0
1297	1083	30	0	0
631	349	4694	71	0
229	3	49	320	0
9	0	4	2	0
acc:0.9434
confusion matrix:
73683	2348	815	65	0
1330	968	112	0	0
492	278	4964	11	0
211	0	135	255	0
4	1	10	0	0
acc:0.9322
confusion matrix:
74781	1575	398	157	0
1602	766	40	2	0
1076	140	4515	14	0
335	3	38	225	0
10	2	3	0	0
acc:0.937
confusion matrix:
75480	629	181	621	0
1498	875	33	4	0
1481	113	4082	69	0
180	0	21	400	0
12	0	3	0	0
acc:0.9435
{"epoch": 50, "bias": 2, "times": 10, "ratio": 2, "patience": 4, "min_delta": 0.005}
acc = [0.9444,0.9376,0.9357,0.9449,0.9488,0.9411,0.9434,0.9322,0.937,0.9435]
# 94.086% 2.33E-5
###########################
####       TRIPLE    ######
###########################
confusion matrix:
76589	114	133	75	0
986	1377	46	1	0
566	35	5073	71	0
172	0	43	386	0
8	0	7	0	0
acc:0.9737
confusion matrix:
76326	415	146	24	0
1051	1318	41	0	0
640	149	4920	36	0
250	0	74	277	0
5	0	10	0	0
acc:0.9668
confusion matrix:
76366	257	219	69	0
898	1427	85	0	0
439	57	5237	12	0
207	4	110	280	0
5	2	8	0	0
acc:0.9723
confusion matrix:
76699	25	94	93	0
1236	1161	13	0	0
1114	29	4575	27	0
232	0	91	278	0
8	0	5	2	0
acc:0.9653
confusion matrix:
76627	130	112	42	0
1055	1299	55	1	0
507	75	5110	53	0
257	0	62	282	0
8	0	7	0	0
acc:0.9724
confusion matrix:
76732	39	105	35	0
1222	1136	51	1	0
830	32	4809	74	0
308	0	53	240	0
7	1	6	1	0
acc:0.9677
confusion matrix:
76681	97	95	38	0
1194	1177	38	1	0
849	25	4784	87	0
278	0	26	297	0
8	2	5	0	0
acc:0.968
confusion matrix:
76313	446	91	61	0
943	1410	57	0	0
457	145	5072	71	0
191	1	74	335	0
9	0	6	0	0
acc:0.9702
confusion matrix:
76257	163	458	33	0
1193	1129	88	0	0
383	3	5348	11	0
278	0	121	202	0
5	0	10	0	0
acc:0.968
confusion matrix:
76220	299	383	9	0
1072	1154	184	0	0
475	10	5239	21	0
320	0	79	202	0
8	0	7	0	0
acc:0.9665
{"min_delta": 0.005, "ratio": 4, "patience": 3, "bias": 0, "epoch": 50, "times": 10}
acc = [0.9737,0.9668,0.9723,0.9653,0.9724,0.9677,0.968,0.9702,0.968,0.9665]
# 0.9691 7.44E-6

confusion matrix:
76589	114	133	75	0
986	1377	46	1	0
566	35	5073	71	0
172	0	43	386	0
8	0	7	0	0
acc:0.9737
confusion matrix:
76617	93	172	29	0
1031	1310	67	2	0
512	51	5143	39	0
226	0	55	320	0
5	2	8	0	0
acc:0.9732
confusion matrix:
76187	458	114	152	0
981	1376	53	0	0
544	98	4969	134	0
183	0	40	378	0
8	2	3	2	0
acc:0.9676
confusion matrix:
76252	269	322	68	0
929	1319	160	2	0
357	16	5342	30	0
142	2	78	379	0
6	0	9	0	0
acc:0.9721
confusion matrix:
76442	143	266	60	0
976	1391	43	0	0
506	130	5086	23	0
177	1	75	348	0
8	0	7	0	0
acc:0.9718
confusion matrix:
76316	430	130	35	0
1219	1162	29	0	0
582	164	4915	84	0
243	0	45	313	0
8	1	6	0	0
acc:0.9653
confusion matrix:
76577	151	111	72	0
959	1390	60	1	0
502	106	5035	102	0
203	0	34	364	0
9	1	4	1	0
acc:0.973
confusion matrix:
76080	422	128	281	0
930	1406	73	1	0
461	66	5146	72	0
163	0	45	393	0
9	0	6	0	0
acc:0.969
confusion matrix:
76683	128	62	38	0
1214	1143	53	0	0
762	76	4784	123	0
196	0	22	383	0
9	0	4	2	0
acc:0.9686
confusion matrix:
75646	937	235	93	0
1109	1235	62	4	0
489	92	5120	44	0
217	1	118	265	0
7	1	6	1	0
acc:0.9601
{"bias": 0, "times": 10, "min_delta": 0.002, "epoch": 50, "ratio": 4, "patience":4} # 0.96944
acc = [0.9737,0.9732,0.9676,0.9721,0.9718,0.9653,0.973,0.969,0.9686,0.9601]
# 0.96944 1.66E-5