confusion matrix:
73501	1845	1517	30	0
1323	976	115	0	0
507	185	5043	31	0
204	0	91	300	0
4	0	10	0	0
acc:0.9316
confusion matrix:
73862	1964	1033	34	0
1485	801	127	1	0
701	90	4938	37	0
143	0	97	355	0
4	0	10	0	0
acc:0.9332
confusion matrix:
73727	1933	1226	7	0
1521	802	90	1	0
583	43	5114	26	0
266	0	115	214	0
6	0	8	0	0
acc:0.932
confusion matrix:
73649	2020	1114	110	0
1158	1176	79	1	0
458	265	4980	63	0
132	0	73	390	0
6	0	8	0	0
acc:0.936
confusion matrix:
73985	1262	1591	55	0
1223	1108	82	1	0
622	138	4965	41	0
179	0	65	351	0
4	0	10	0	0
acc:0.9385
confusion matrix:
74148	1909	821	15	0
1900	431	83	0	0
860	166	4715	25	0
406	0	103	86	0
5	0	9	0	0
acc:0.9264
confusion matrix:
71927	1743	3152	71	0
1204	1070	140	0	0
325	139	5260	42	0
169	0	109	317	0
4	0	10	0	0
acc:0.917
confusion matrix:
74592	20	2180	101	0
1312	951	150	1	0
536	96	5085	49	0
170	1	91	333	0
5	0	9	0	0
acc:0.9449
confusion matrix:
74100	1952	826	15	0
1375	913	124	2	0
691	263	4766	46	0
234	0	62	299	0
6	0	8	0	0
acc:0.9346
confusion matrix:
74246	1669	964	14	0
1543	820	50	1	0
724	160	4874	8	0
278	0	104	213	0
4	0	10	0	0
acc:0.9355
{"ratio": 2, "patience": 4, "times": 10, "epoch": 50, "bias": 0, "min_delta": 0.002}
acc = [0.9316,0.9332,0.932,0.936,0.9385,0.9264,0.917,0.9449,0.9346,0.9355]
# 93.296% 4.92E-5
confusion matrix:
74333	1031	1518	11	0
1506	772	135	1	0
733	2	4998	33	0
377	0	71	147	0
4	0	10	0	0
acc:0.9366
confusion matrix:
74394	1907	565	27	0
1453	840	121	0	0
928	84	4707	47	0
372	0	81	142	0
5	0	9	0	0
acc:0.9347
confusion matrix:
73871	1875	1141	6	0
1354	934	125	1	0
572	239	4927	28	0
269	1	56	269	0
4	0	10	0	0
acc:0.9337
confusion matrix:
74224	2097	557	15	0
1263	1063	87	1	0
793	272	4671	30	0
306	1	51	237	0
4	1	9	0	0
acc:0.936
confusion matrix:
73493	2423	969	8	0
1404	981	29	0	0
773	339	4626	28	0
312	1	92	190	0
6	0	8	0	0
acc:0.9254
confusion matrix:
76009	307	501	76	0
1617	781	15	1	0
1050	100	4551	65	0
148	0	42	405	0
5	0	9	0	0
acc:0.9541
confusion matrix:
73696	1635	1387	175	0
1304	950	160	0	0
622	60	5049	35	0
152	0	109	334	0
4	0	10	0	0
acc:0.934
confusion matrix:
74196	2083	596	18	0
1407	993	13	1	0
800	212	4715	39	0
274	1	63	257	0
5	1	8	0	0
acc:0.9356
confusion matrix:
74875	990	994	34	0
1147	1137	129	1	0
394	208	5148	16	0
163	0	96	336	0
4	1	9	0	0
acc:0.9511
confusion matrix:
73862	2027	947	57	0
1210	1168	35	1	0
615	259	4855	37	0
228	1	66	300	0
3	2	9	0	0
acc:0.9358
{"ratio": 2, "patience": 4, "times": 10, "epoch": 50, "bias": 0, "min_delta": 0.005}
acc = [0.9366,0.9347,0.9337,0.936,0.9254,0.9541,0.934,0.9356,0.9511,0.9358]
# 93.770% 6.51E-5
confusion matrix:
73874	2151	860	8	0
1542	847	25	0	0
621	135	5004	6	0
275	1	134	185	0
7	0	7	0	0
acc:0.9326
confusion matrix:
74288	2059	477	69	0
1324	1004	84	2	0
707	215	4767	77	0
206	0	48	341	0
5	0	9	0	0
acc:0.9384
confusion matrix:
73958	1977	938	20	0
1442	863	108	1	0
559	202	4915	90	0
276	0	61	258	0
5	0	9	0	0
acc:0.9336
confusion matrix:
74057	2093	740	3	0
1382	981	50	1	0
654	437	4660	15	0
365	1	98	131	0
5	0	9	0	0
acc:0.9317
confusion matrix:
72142	2130	2621	0	0
1312	984	117	1	0
437	248	5080	1	0
391	1	193	10	0
6	0	8	0	0
acc:0.9129
confusion matrix:
74154	1335	1347	57	0
1428	870	115	1	0
742	127	4841	56	0
231	0	78	286	0
6	0	8	0	0
acc:0.9354
confusion matrix:
74657	1677	543	16	0
1397	917	100	0	0
679	280	4780	27	0
351	2	70	172	0
4	0	10	0	0
acc:0.9398
confusion matrix:
73828	2037	1012	16	0
1380	938	96	0	0
624	202	4906	34	0
317	0	76	202	0
6	0	8	0	0
acc:0.9322
confusion matrix:
74012	1993	882	6	0
1658	630	125	1	0
538	29	5187	12	0
248	0	136	211	0
4	0	10	0	0
acc:0.9342
confusion matrix:
74099	1869	888	37	0
1324	964	125	1	0
468	259	5027	12	0
235	0	76	284	0
4	0	10	0	0
acc:0.938
{"ratio": 2, "patience": 4, "times": 10, "epoch": 50, "bias": 0, "min_delta": 0.02}
acc = [0.9326,0.9384,0.9336,0.9317,0.9129,0.9354,0.9398,0.9322,0.9342,0.938]
# 93.288% 5.14E-5
confusion matrix:
73788	2250	826	29	0
1154	1233	26	1	0
504	350	4874	38	0
205	1	81	308	0
5	0	9	0	0
acc:0.9361
confusion matrix:
73389	1990	1514	0	0
1583	720	111	0	0
635	66	5059	6	0
371	0	134	90	0
4	0	10	0	0
acc:0.925
confusion matrix:
73843	1997	1052	1	0
1550	819	44	1	0
771	28	4922	45	0
414	0	81	100	0
6	0	8	0	0
acc:0.93
confusion matrix:
73856	2104	928	5	0
1209	1178	26	1	0
510	221	5021	14	0
240	2	119	234	0
4	0	10	0	0
acc:0.9371
confusion matrix:
71906	2332	2621	34	0
1109	1224	81	0	0
328	257	5158	23	0
147	1	93	354	0
5	0	9	0	0
acc:0.9178
confusion matrix:
72182	2084	2593	34	0
1154	1090	170	0	0
413	272	5067	14	0
213	0	99	283	0
3	1	10	0	0
acc:0.9176
confusion matrix:
72986	2153	1745	9	0
1213	1079	121	1	0
436	297	5029	4	0
226	2	170	197	0
4	0	10	0	0
acc:0.9254
confusion matrix:
73129	2425	1301	38	0
1234	1085	94	1	0
534	70	5144	18	0
166	0	116	313	0
4	1	9	0	0
acc:0.9298
confusion matrix:
74270	1160	1442	21	0
1488	819	107	0	0
743	33	4973	17	0
228	0	83	284	0
4	0	10	0	0
acc:0.9377
confusion matrix:
73761	1248	1787	97	0
1319	953	140	2	0
453	47	5235	31	0
137	0	78	380	0
5	1	8	0	0
acc:0.9375
{"min_delta": 0.002, "ratio": 4, "bias": 0, "patience": 4, "epoch": 50, "times": 10}
acc = [0.9361,0.925,0.93,0.9371,0.9178,0.9176,0.9254,0.9298,0.9377,0.9375]
# 92.94% 5.48E-5
confusion matrix:
74758	535	1586	14	0
1263	1015	135	1	0
605	201	4921	39	0
228	0	73	294	0
4	0	10	0	0
acc:0.9452
confusion matrix:
73656	1770	1312	155	0
1420	866	126	2	0
759	95	4832	80	0
172	0	43	380	0
5	0	8	1	0
acc:0.9306
confusion matrix:
74413	1894	579	7	0
1707	694	12	1	0
1179	176	4363	48	0
416	0	62	117	0
6	0	8	0	0
acc:0.9289
confusion matrix:
74171	1566	1070	86	0
1472	825	116	1	0
572	179	4924	91	0
133	0	86	376	0
4	0	10	0	0
acc:0.9371
confusion matrix:
73560	2001	1288	44	0
1716	577	120	1	0
481	42	5206	37	0
204	0	104	287	0
4	0	10	0	0
acc:0.9294
confusion matrix:
73340	2108	1390	55	0
1460	895	58	1	0
413	40	5308	5	0
204	0	171	220	0
6	0	8	0	0
acc:0.9309
confusion matrix:
74082	1909	853	49	0
1370	1002	41	1	0
824	333	4546	63	0
270	1	30	294	0
7	0	7	0	0
acc:0.9328
confusion matrix:
74483	1860	452	98	0
1295	1011	105	3	0
671	167	4837	91	0
229	0	42	324	0
4	0	10	0	0
acc:0.9413
confusion matrix:
74111	2115	538	129	0
1410	973	26	5	0
663	342	4728	33	0
205	1	111	278	0
6	0	8	0	0
acc:0.9347
confusion matrix:
74143	1965	775	10	0
1299	1089	25	1	0
523	402	4806	35	0
184	0	81	330	0
5	0	9	0	0
acc:0.938
{"min_delta": 0.005, "ratio": 4, "bias": 0, "patience": 4, "epoch": 50, "times": 10}
acc = [0.9452,0.9306,0.9289,0.9371,0.9294,0.9309,0.9328,0.9413,0.9347,0.938]
# 93.489% 2.67E-5
confusion matrix:
73863	1451	1557	22	0
1326	1005	83	0	0
626	150	4941	49	0
198	1	89	307	0
4	0	10	0	0
acc:0.935
confusion matrix:
74575	1735	497	86	0
1365	1004	44	1	0
794	218	4689	65	0
186	0	72	337	0
5	1	8	0	0
acc:0.9407
confusion matrix:
72808	1834	2244	7	0
1466	900	47	1	0
744	125	4874	23	0
335	0	111	149	0
4	0	10	0	0
acc:0.9189
confusion matrix:
73817	2132	933	11	0
1124	1201	89	0	0
489	300	4947	30	0
199	2	68	326	0
4	0	10	0	0
acc:0.9371
confusion matrix:
73719	2070	1090	14	0
1280	1042	92	0	0
549	118	5068	31	0
263	0	110	222	0
4	0	10	0	0
acc:0.9343
confusion matrix:
74829	1680	381	3	0
1656	753	4	1	0
1168	88	4485	25	0
407	0	82	106	0
6	0	8	0	0
acc:0.9357
confusion matrix:
73980	2023	862	28	0
1463	935	16	0	0
838	363	4528	37	0
246	0	67	282	0
6	0	8	0	0
acc:0.9305
confusion matrix:
73944	2231	697	21	0
1496	886	31	1	0
904	65	4768	29	0
279	0	82	234	0
4	0	10	0	0
acc:0.9317
confusion matrix:
73187	1866	1815	25	0
1364	914	136	0	0
467	233	5052	14	0
289	0	135	171	0
5	0	9	0	0
acc:0.9258
confusion matrix:
74090	1667	1099	37	0
1430	901	82	1	0
631	109	5022	4	0
256	0	142	197	0
5	0	9	0	0
acc:0.9361
{"min_delta": 0.02, "ratio": 4, "bias": 0, "patience": 4, "epoch": 50, "times": 10}
acc = [0.935,0.9407,0.9189,0.9371,0.9343,0.9357,0.9305,0.9317,0.9258,0.9361]
# 93.25% 3.56E-5
