confusion matrix:
75518	763	372	258	0
923	1338	147	2	0
383	209	5109	44	0
145	2	83	371	0
6	1	7	1	0
acc:0.9609
confusion matrix:
75821	465	209	416	0
1022	1289	94	5	0
574	335	4747	89	0
152	2	44	403	0
6	1	6	2	0
acc:0.9601
confusion matrix:
75581	878	378	74	0
968	1369	72	1	0
609	266	4813	57	0
137	3	59	402	0
9	4	2	0	0
acc:0.959
confusion matrix:
73730	2374	639	168	0
1081	1217	110	2	0
399	186	5125	35	0
138	3	79	381	0
6	3	6	0	0
acc:0.939
confusion matrix:
75952	321	353	285	0
988	1333	84	5	0
437	186	5075	47	0
141	1	65	394	0
5	2	7	1	0
acc:0.9658
confusion matrix:
75809	678	306	118	0
1003	1371	31	5	0
487	194	4937	127	0
127	1	30	443	0
7	0	6	2	0
acc:0.9636
confusion matrix:
75629	571	452	259	0
996	1230	179	5	0
362	167	5180	36	0
119	2	78	402	0
3	4	3	5	0
acc:0.9622
confusion matrix:
74213	2151	426	121	0
1078	1274	56	2	0
488	386	4821	50	0
195	3	85	318	0
6	2	6	1	0
acc:0.941
confusion matrix:
75811	353	175	572	0
889	1417	99	5	0
452	212	4978	103	0
124	3	43	431	0
5	1	7	2	0
acc:0.9645
confusion matrix:
74561	126	1318	906	0
1203	1171	35	1	0
451	262	5005	27	0
215	0	134	252	0
5	0	6	4	0
acc:0.9452
{"patience": 4, "times": 10, "bias": 0, "epoch": 50, "min_delta": 0.002, "ratio": 2}
acc = [0.9609,0.9601,0.959,0.939,0.9658,0.9636,0.9622,0.941,0.9645,0.9452]
# 95.612% 9.45E-5
confusion matrix:
75616	388	322	585	0
869	1374	163	4	0
358	125	5223	39	0
113	2	67	419	0
8	0	7	0	0
acc:0.9644
confusion matrix:
75834	138	647	292	0
1045	1199	159	7	0
367	53	5268	57	0
109	0	75	417	0
5	7	2	1	0
acc:0.9654
confusion matrix:
75028	1095	354	434	0
858	1418	131	3	0
364	86	5215	80	0
134	1	52	414	0
6	2	5	2	0
acc:0.9579
confusion matrix:
76124	30	434	323	0
1479	836	89	6	0
583	13	5038	111	0
132	0	74	395	0
10	0	3	2	0
acc:0.9616
confusion matrix:
74603	1673	347	288	0
962	1311	137	0	0
371	140	5187	47	0
97	1	65	438	0
7	0	6	2	0
acc:0.9516
confusion matrix:
75436	880	400	195	0
1035	1266	108	1	0
501	190	4995	59	0
186	1	71	343	0
4	3	5	3	0
acc:0.9575
confusion matrix:
75840	598	207	266	0
1235	1104	70	1	0
525	344	4792	84	0
149	1	51	400	0
9	0	5	1	0
acc:0.9586
confusion matrix:
74319	1213	515	864	0
1017	1259	124	10	0
349	163	5191	42	0
80	2	76	443	0
10	0	5	0	0
acc:0.9478
confusion matrix:
75490	861	388	172	0
856	1443	108	3	0
522	248	4917	58	0
175	1	65	360	0
6	1	2	6	0
acc:0.9595
confusion matrix:
74552	1323	392	644	0
1096	1103	205	6	0
386	17	5258	84	0
94	1	41	465	0
8	2	4	1	0
acc:0.9498
{"patience": 4, "times": 10, "bias": 0, "epoch": 50, "min_delta": 0.005, "ratio": 2}
acc = [0.9644,0.9654,0.9579,0.9616,0.9516,0.9575,0.9586,0.9478,0.9595,0.9498]
# 95.741% 3.20E-5
confusion matrix:
76218	233	225	235	0
1010	1296	103	1	0
462	222	4980	81	0
115	3	41	442	0
10	1	4	0	0
acc:0.968
confusion matrix:
75733	600	131	447	0
1011	1359	37	3	0
539	225	4890	91	0
125	3	41	432	0
6	2	6	1	0
acc:0.9619
confusion matrix:
75510	465	434	502	0
960	1325	124	1	0
393	157	5179	16	0
174	1	137	289	0
7	1	7	0	0
acc:0.9606
confusion matrix:
75364	1023	320	204	0
1077	1209	124	0	0
609	170	4896	70	0
182	0	39	380	0
6	0	6	3	0
acc:0.9553
confusion matrix:
75293	948	449	220	1
999	1315	92	4	0
419	215	5066	45	0
168	1	86	346	0
6	2	6	1	0
acc:0.9573
confusion matrix:
75773	330	350	458	0
1046	1335	19	10	0
547	122	4996	80	0
127	3	40	431	0
8	1	5	1	0
acc:0.9633
confusion matrix:
74659	1265	681	306	0
1190	1091	126	3	0
417	27	5245	56	0
102	0	71	428	0
4	1	7	3	0
acc:0.9503
confusion matrix:
75903	90	514	404	0
1061	1161	182	6	0
365	323	4952	105	0
117	3	82	399	0
6	0	5	4	0
acc:0.9619
confusion matrix:
76175	135	434	167	0
1180	1119	109	2	0
498	112	5073	62	0
150	1	71	379	0
4	1	6	4	0
acc:0.9657
confusion matrix:
75206	668	296	741	0
1030	1243	133	4	0
389	137	5150	69	0
96	2	51	452	0
4	1	7	3	0
acc:0.9576
{"patience": 4, "times": 10, "bias": 0, "epoch": 50, "min_delta": 0.02, "ratio": 2}
acc = [0.968,0.9619,0.9606,0.9553,0.9573,0.9633,0.9503,0.9619,0.9657,0.9576]
# 96.018% 2.438E-5
