confusion matrix:
76333	412	152	14	0
1021	1282	107	0	0
743	43	4932	27	0
200	1	87	313	0
4	1	10	0	0
acc:0.9671
confusion matrix:
73395	2124	1046	346	0
710	1520	175	5	0
279	163	5176	127	0
119	2	107	373	0
5	0	8	2	0
acc:0.9391
confusion matrix:
74857	970	1082	2	0
858	1329	223	0	0
455	133	5096	61	0
258	1	67	275	0
6	3	6	0	0
acc:0.9519
confusion matrix:
75902	389	602	18	0
882	1296	232	0	0
426	72	5196	51	0
194	0	90	317	0
8	0	7	0	0
acc:0.9653
confusion matrix:
74212	1630	560	509	0
694	1480	227	9	0
308	92	5232	113	0
121	3	66	411	0
7	1	7	0	0
acc:0.9493
confusion matrix:
74816	1585	319	191	0
878	1304	226	2	0
269	159	5201	116	0
126	2	65	408	0
5	1	8	1	0
acc:0.9539
confusion matrix:
76146	600	92	73	0
1106	1286	15	3	0
952	286	4436	71	0
245	2	53	301	0
8	0	5	2	0
acc:0.959
confusion matrix:
76191	435	272	13	0
1012	1217	181	0	0
740	76	4894	35	0
328	0	61	212	0
6	1	8	0	0
acc:0.963
confusion matrix:
75679	746	411	75	0
912	1306	190	2	0
529	41	5140	35	0
158	1	110	332	0
2	2	9	2	0
acc:0.9624
confusion matrix:
73326	1752	296	1537	0
798	1429	150	33	0
272	231	5038	204	0
56	2	50	493	0
4	0	7	4	0
acc:0.937
{"ratio": 2, "bias": 0, "patience": 4, "epoch": 50, "times": 10, "min_delta": 0.002}
acc = [0.9671,0.9391,0.9519,0.9653,0.9493,0.9539,0.959,0.963,0.9624,0.937]
# 95.48% 10.07E-5
confusion matrix:
75771	899	225	16	0
1042	1264	103	1	0
691	25	4983	46	0
213	1	48	339	0
6	0	9	0	0
acc:0.9612
confusion matrix:
76522	131	233	25	0
1239	1071	95	5	0
941	15	4665	124	0
228	0	62	311	0
8	0	5	2	0
acc:0.9637
confusion matrix:
71849	2492	2152	418	0
575	1394	408	33	0
217	35	5488	5	0
126	2	229	244	0
5	1	9	0	0
acc:0.9217
confusion matrix:
75622	432	276	581	0
1525	713	171	1	0
507	12	5185	41	0
137	0	105	359	0
7	0	4	4	0
acc:0.9556
confusion matrix:
75181	665	980	85	0
874	1197	337	2	0
312	48	5337	48	0
178	0	95	328	0
3	3	7	2	0
acc:0.9575
confusion matrix:
75703	784	338	86	0
1056	1168	186	0	0
548	86	5046	65	0
192	1	47	361	0
5	1	7	2	0
acc:0.9603
confusion matrix:
76294	256	145	216	0
1846	413	118	33	0
750	30	4683	282	0
169	0	18	414	0
8	0	4	3	0
acc:0.9547
confusion matrix:
74487	1704	671	49	0
870	1335	205	0	0
377	39	5299	30	0
206	1	135	259	0
8	0	6	1	0
acc:0.9498
confusion matrix:
75531	1132	123	125	0
866	1433	97	14	0
691	95	4867	92	0
189	1	45	366	0
8	1	6	0	0
acc:0.9593
confusion matrix:
72895	2955	717	344	0
813	1400	194	3	0
298	181	5154	112	0
102	6	74	419	0
9	1	5	0	0
acc:0.9321
{"ratio": 2, "bias": 0, "patience": 4, "epoch": 50, "times": 10, "min_delta": 0.005}
acc = [0.9612,0.9637,0.9217,0.9556,0.9575,0.9603,0.9547,0.9498,0.9593,0.9321]
# 95.159% 17.11E-5
confusion matrix:
73446	2280	1144	41	0
826	1391	192	1	0
422	36	5269	18	0
165	3	139	294	0
7	1	7	0	0
acc:0.9384
confusion matrix:
74798	1765	171	177	0
871	1369	161	9	0
664	109	4861	111	0
160	1	30	410	0
7	1	6	1	0
acc:0.9505
confusion matrix:
74997	733	1163	18	0
886	1249	275	0	0
379	11	5264	91	0
184	0	72	345	0
4	1	9	1	0
acc:0.9553
confusion matrix:
74972	1106	107	726	0
839	1399	146	26	0
533	94	4575	543	0
93	1	15	492	0
6	0	2	7	0
acc:0.9505
confusion matrix:
76287	528	95	1	0
1161	1165	84	0	0
724	66	4935	20	0
474	0	56	71	0
10	1	4	0	0
acc:0.9624
confusion matrix:
74574	1693	197	447	0
905	1322	172	11	0
487	36	5099	123	0
106	1	47	447	0
5	1	9	0	0
acc:0.9505
confusion matrix:
76265	464	171	11	0
1136	1206	68	0	0
839	28	4770	108	0
230	0	50	321	0
10	1	4	0	0
acc:0.9636
confusion matrix:
76239	488	182	2	0
1118	1235	57	0	0
660	21	5059	5	0
260	0	192	149	0
8	0	7	0	0
acc:0.965
confusion matrix:
76304	503	65	39	0
1134	1227	47	2	0
742	223	4744	36	0
191	1	72	337	0
6	3	6	0	0
acc:0.9642
confusion matrix:
76618	57	206	30	0
1188	1016	205	1	0
617	4	5097	27	0
217	0	80	304	0
7	0	6	2	0
acc:0.9691
{"ratio": 2, "bias": 0, "patience": 4, "epoch": 50, "times": 10, "min_delta": 0.02}
acc = [0.9384,0.9505,0.9553,0.9505,0.9624,0.9505,0.9636,0.965,0.9642,0.9691]
# 95.695% 8.11E-5
