confusion matrix:
76589	114	133	75	0
986	1377	46	1	0
566	35	5073	71	0
172	0	43	386	0
8	0	7	0	0
acc:0.9737
confusion matrix:
76617	93	172	29	0
1031	1310	67	2	0
512	51	5143	39	0
226	0	55	320	0
5	2	8	0	0
acc:0.9732
confusion matrix:
76187	458	114	152	0
981	1376	53	0	0
544	98	4969	134	0
183	0	40	378	0
8	2	3	2	0
acc:0.9676
confusion matrix:
76252	269	322	68	0
929	1319	160	2	0
357	16	5342	30	0
142	2	78	379	0
6	0	9	0	0
acc:0.9721
confusion matrix:
76442	143	266	60	0
976	1391	43	0	0
506	130	5086	23	0
177	1	75	348	0
8	0	7	0	0
acc:0.9718
confusion matrix:
76316	430	130	35	0
1219	1162	29	0	0
582	164	4915	84	0
243	0	45	313	0
8	1	6	0	0
acc:0.9653
confusion matrix:
76577	151	111	72	0
959	1390	60	1	0
502	106	5035	102	0
203	0	34	364	0
9	1	4	1	0
acc:0.973
confusion matrix:
76080	422	128	281	0
930	1406	73	1	0
461	66	5146	72	0
163	0	45	393	0
9	0	6	0	0
acc:0.969
confusion matrix:
76683	128	62	38	0
1214	1143	53	0	0
762	76	4784	123	0
196	0	22	383	0
9	0	4	2	0
acc:0.9686
confusion matrix:
75646	937	235	93	0
1109	1235	62	4	0
489	92	5120	44	0
217	1	118	265	0
7	1	6	1	0
acc:0.9601
{"bias": 0, "times": 10, "min_delta": 0.002, "epoch": 50, "ratio": 4, "patience":4} # 0.96944
acc = [0.9737,0.9732,0.9676,0.9721,0.9718,0.9653,0.973,0.969,0.9686,0.9601]
# 0.96944 1.66E-5
confusion matrix:
75955	736	131	89	0
943	1378	87	2	0
416	156	5066	107	0
238	0	68	295	0
6	0	9	0	0
acc:0.9651
confusion matrix:
76108	628	127	48	0
1329	1049	32	0	0
492	187	5037	29	0
219	1	62	319	0
7	1	7	0	0
acc:0.963
confusion matrix:
76116	304	425	66	0
921	1375	113	1	0
433	78	5192	42	0
218	2	106	275	0
8	0	7	0	0
acc:0.9682
confusion matrix:
76629	10	124	148	0
1392	965	51	2	0
672	7	4974	92	0
190	0	65	346	0
9	0	6	0	0
acc:0.9677
confusion matrix:
75750	925	205	31	0
1210	1094	106	0	0
504	61	5119	61	0
250	0	74	277	0
4	2	9	0	0
acc:0.9598
confusion matrix:
75919	715	127	150	0
988	1342	80	0	0
442	108	5083	112	0
160	0	50	391	0
10	0	5	0	0
acc:0.9656
confusion matrix:
76684	67	132	28	0
1136	1192	78	4	0
784	34	4878	49	0
218	1	76	306	0
8	0	6	1	0
acc:0.9694
confusion matrix:
76348	218	68	277	0
1086	1302	19	3	0
614	173	4822	136	0
151	0	33	417	0
10	0	5	0	0
acc:0.9674
confusion matrix:
76530	47	130	204	0
1280	1062	64	4	0
523	39	5152	31	0
152	0	89	360	0
7	1	6	1	0
acc:0.9699
confusion matrix:
76311	283	151	166	0
1020	1294	94	2	0
421	83	5105	136	0
131	1	31	438	0
5	0	8	2	0
acc:0.9704
{"bias": 0, "patience": 3, "epoch": 50, "ratio": 4, "min_delta": 0.002, "times": 10} # 0.96665
acc = [0.9651,0.963,0.9682,0.9677,0.9598,0.9656,0.9694,0.9674,0.9699,0.9704]
# 0.96665 1.00E-5
confusion matrix:
76589	114	133	75	0
986	1377	46	1	0
566	35	5073	71	0
172	0	43	386	0
8	0	7	0	0
acc:0.9737
confusion matrix:
76326	415	146	24	0
1051	1318	41	0	0
640	149	4920	36	0
250	0	74	277	0
5	0	10	0	0
acc:0.9668
confusion matrix:
76366	257	219	69	0
898	1427	85	0	0
439	57	5237	12	0
207	4	110	280	0
5	2	8	0	0
acc:0.9723
confusion matrix:
76699	25	94	93	0
1236	1161	13	0	0
1114	29	4575	27	0
232	0	91	278	0
8	0	5	2	0
acc:0.9653
confusion matrix:
76627	130	112	42	0
1055	1299	55	1	0
507	75	5110	53	0
257	0	62	282	0
8	0	7	0	0
acc:0.9724
confusion matrix:
76732	39	105	35	0
1222	1136	51	1	0
830	32	4809	74	0
308	0	53	240	0
7	1	6	1	0
acc:0.9677
confusion matrix:
76681	97	95	38	0
1194	1177	38	1	0
849	25	4784	87	0
278	0	26	297	0
8	2	5	0	0
acc:0.968
confusion matrix:
76313	446	91	61	0
943	1410	57	0	0
457	145	5072	71	0
191	1	74	335	0
9	0	6	0	0
acc:0.9702
confusion matrix:
76257	163	458	33	0
1193	1129	88	0	0
383	3	5348	11	0
278	0	121	202	0
5	0	10	0	0
acc:0.968
confusion matrix:
76220	299	383	9	0
1072	1154	184	0	0
475	10	5239	21	0
320	0	79	202	0
8	0	7	0	0
acc:0.9665
{"min_delta": 0.005, "ratio": 4, "patience": 3, "bias": 0, "epoch": 50, "times": 10} # 0.96825
acc = [0.9737,0.9668,0.9723,0.9653,0.9724,0.9677,0.968,0.9702,0.968,0.9665]
# 0.9691 7.44E-6
confusion matrix:
76370	154	324	63	0
1089	1254	67	0	0
456	308	4969	12	0
182	0	173	246	0
7	0	8	0	0
acc:0.9668
confusion matrix:
73797	2410	157	547	0
843	1482	84	1	0
410	328	4849	158	0
103	3	36	459	0
7	0	6	2	0
acc:0.9405
confusion matrix:
76187	326	75	323	0
1025	1358	27	0	0
899	631	4118	97	0
231	2	24	344	0
8	0	7	0	0
acc:0.9571
confusion matrix:
70277	6558	74	2	0
665	1732	12	1	0
742	544	4341	118	0
403	9	10	179	0
10	1	4	0	0
acc:0.8932
confusion matrix:
75933	149	689	140	0
979	1281	147	3	0
410	45	5276	14	0
234	0	129	238	0
6	0	9	0	0
acc:0.9655
confusion matrix:
75725	847	244	95	0
1289	952	167	2	0
594	240	4724	187	0
195	0	34	372	0
6	0	9	0	0
acc:0.9544
confusion matrix:
76005	586	274	46	0
922	1378	110	0	0
337	100	5288	20	0
155	1	141	304	0
10	0	5	0	0
acc:0.9684
confusion matrix:
76518	44	76	273	0
1276	1119	12	3	0
993	243	4297	212	0
163	0	20	418	0
9	0	6	0	0
acc:0.9611
confusion matrix:
76239	54	522	96	0
921	1253	236	0	0
396	20	5296	33	0
213	0	133	255	0
9	0	6	0	0
acc:0.9692
confusion matrix:
75063	1416	364	68	0
886	1444	79	1	0
318	50	5324	53	0
274	3	76	248	0
4	0	11	0	0
acc:0.9579
{"ratio": 2, "bias": 0, "patience": 4, "times": 10, "epoch": 50, "min_delta": 0.002}
acc = [0.9668,0.9405,0.9571,0.8932,0.9655,0.9544,0.9684,0.9611,0.9692,0.9579]
# 0.95341 46.85E-5
confusion matrix:
76068	517	64	262	0
918	1476	12	4	0
934	451	4292	68	0
156	4	57	384	0
8	0	5	2	0
acc:0.9596
confusion matrix:
76075	387	220	229	0
1136	1250	23	1	0
659	247	4690	149	0
153	0	47	401	0
6	0	9	0	0
acc:0.9619
confusion matrix:
75390	824	343	354	0
960	1289	159	2	0
339	172	5165	69	0
117	2	107	375	0
6	0	9	0	0
acc:0.9596
confusion matrix:
76113	164	92	542	0
1091	1287	31	1	0
575	35	5029	106	0
116	0	35	450	0
9	0	5	1	0
acc:0.9673
confusion matrix:
75417	1059	264	171	0
952	1384	74	0	0
372	82	5195	96	0
198	1	50	352	0
6	0	8	1	0
acc:0.9611
confusion matrix:
75372	1339	186	14	0
808	1558	44	0	0
304	256	5170	15	0
276	4	150	171	0
6	0	9	0	0
acc:0.9602
confusion matrix:
75940	860	88	23	0
1103	1285	21	1	0
688	189	4824	44	0
263	0	25	313	0
10	0	4	1	0
acc:0.9613
confusion matrix:
75677	951	178	105	0
908	1383	119	0	0
420	316	4947	62	0
191	4	111	295	0
7	0	7	1	0
acc:0.9606
confusion matrix:
73512	54	3143	202	0
748	1029	633	0	0
169	8	5553	15	0
111	0	255	235	0
7	0	8	0	0
acc:0.9375
confusion matrix:
76463	227	68	153	0
1176	1223	10	1	0
1491	297	3804	153	0
317	0	11	273	0
8	1	5	1	0
acc:0.9543
{"ratio": 2, "bias": 0, "patience": 4, "times": 10, "epoch": 50, "min_delta": 0.005}
acc = [0.9596,0.9619,0.9596,0.9673,0.9611,0.9602,0.9613,0.9606,0.9375,0.9543]
# 0.95834 5.72E-5
confusion matrix:
76455	164	212	80	0
1253	1090	67	0	0
609	145	4921	70	0
180	0	80	341	0
10	0	5	0	0
acc:0.9664
confusion matrix:
76734	35	94	48	0
1168	1203	37	2	0
984	52	4665	44	0
345	0	51	205	0
10	0	4	1	0
acc:0.9664
confusion matrix:
76747	31	98	35	0
1883	495	31	1	0
842	38	4764	101	0
313	1	36	251	0
8	0	7	0	0
acc:0.96
confusion matrix:
76519	205	136	51	0
1537	812	58	3	0
805	133	4697	110	0
207	0	68	326	0
8	0	7	0	0
acc:0.9612
confusion matrix:
74200	2294	231	186	0
923	1373	114	0	0
938	470	4294	43	0
167	6	103	325	0
11	1	3	0	0
acc:0.9359
confusion matrix:
74246	1768	805	92	0
1023	1267	119	1	0
397	317	4839	192	0
242	1	35	323	0
7	0	8	0	0
acc:0.9416
confusion matrix:
68730	7838	323	20	0
720	1648	41	1	0
292	684	4749	20	0
285	8	156	152	0
6	2	7	0	0
acc:0.8786
confusion matrix:
76265	7	363	276	0
1711	451	244	4	0
522	0	5081	142	0
153	0	45	403	0
7	0	8	0	0
acc:0.9594
confusion matrix:
76389	488	33	1	0
1159	1241	10	0	0
1150	53	4518	24	0
450	0	46	105	0
11	0	4	0	0
acc:0.96
confusion matrix:
75278	965	455	213	0
858	1413	137	2	0
267	163	5195	120	0
160	2	46	393	0
6	1	6	2	0
acc:0.9603
{"ratio": 2, "bias": 0, "patience": 4, "times": 10, "epoch": 50, "min_delta": 0.02}
acc = [0.9664,0.9664,0.96,0.9612,0.9359,0.9416,0.8786,0.9594,0.96,0.9603]
# 0.94897 64.14E-5
confusion matrix:
76280	102	487	42	0
1226	813	370	1	0
671	39	5017	18	0
322	0	120	159	0
7	2	6	0	0
acc:0.9602
confusion matrix:
76374	487	19	31	0
1663	731	15	1	0
1344	50	4293	58	0
431	0	34	136	0
10	2	3	0	0
acc:0.9516
confusion matrix:
76839	27	28	17	0
1685	718	5	2	0
1535	61	4021	128	0
380	0	8	213	0
10	1	4	0	0
acc:0.9546
confusion matrix:
76630	48	196	37	0
1151	1165	93	1	0
609	53	5063	20	0
209	0	91	301	0
6	0	9	0	0
acc:0.9706
confusion matrix:
76076	230	603	2	0
861	1274	273	1	1
507	10	5218	10	0
481	1	101	18	0
5	1	9	0	0
acc:0.9639
confusion matrix:
74944	1778	125	64	0
1048	1199	158	5	0
604	34	5009	98	0
218	0	18	365	0
6	1	6	2	0
acc:0.9514
confusion matrix:
71811	4571	226	303	0
1080	1224	104	2	0
431	148	5078	88	0
126	2	118	355	0
8	0	7	0	0
acc:0.9158
confusion matrix:
74048	2018	147	698	0
736	1640	28	6	0
292	400	4905	148	0
85	7	41	468	0
7	1	6	1	0
acc:0.9461
confusion matrix:
71262	5463	136	50	0
845	1541	22	2	0
393	458	4880	14	0
171	3	158	269	0
8	1	6	0	0
acc:0.9098
confusion matrix:
76741	114	25	31	0
1366	1040	4	0	0
1519	175	3945	106	0
269	0	7	325	0
9	0	4	2	0
acc:0.9576
{"min_delta": 0.002, "epoch": 50, "times": 10, "patience": 4, "bias": 0, "ratio": 2}
acc = [0.9602,0.9516,0.9546,0.9706,0.9639,0.9514,0.9158,0.9461,0.9098,0.9576]
# 94.815% 35.72E-5
confusion matrix:
73667	3024	196	24	0
1082	1269	58	1	0
872	63	4795	15	0
209	5	99	288	0
5	3	7	0	0
acc:0.9339
confusion matrix:
76627	57	15	212	0
1552	855	1	2	0
1554	338	3694	159	0
268	1	8	324	0
10	0	4	1	0
acc:0.9512
confusion matrix:
76388	158	88	277	0
1089	1269	50	2	0
1040	348	4310	47	0
246	1	39	315	0
6	1	8	0	0
acc:0.9603
confusion matrix:
76059	473	263	116	0
1322	1060	27	1	0
909	251	4536	49	0
181	0	109	311	0
5	0	8	2	0
acc:0.9566
confusion matrix:
75506	1324	47	34	0
853	1545	11	1	0
852	334	4486	73	0
301	0	23	277	0
12	0	3	0	0
acc:0.9549
confusion matrix:
76414	214	34	249	0
1160	1246	2	2	0
1103	690	3778	174	0
214	0	7	380	0
8	1	5	1	0
acc:0.9549
confusion matrix:
74338	2267	208	98	0
793	1552	63	2	0
524	551	4569	101	0
223	8	53	317	0
3	3	9	0	0
acc:0.9427
confusion matrix:
76309	75	173	354	0
1479	887	44	0	0
797	91	4765	92	0
198	0	57	346	0
7	2	6	0	0
acc:0.9606
confusion matrix:
74127	75	450	2259	0
1281	865	262	2	0
254	15	5318	158	0
79	0	69	453	0
5	0	9	1	0
acc:0.9426
confusion matrix:
76633	118	83	77	0
1105	1256	47	2	0
772	156	4599	218	0
248	1	35	317	0
9	0	5	1	0
acc:0.9664
{"min_delta": 0.005, "epoch": 50, "times": 10, "patience": 4, "bias": 0, "ratio": 2}
acc = [0.9339,0.9512,0.9603,0.9566,0.9549,0.9549,0.9427,0.9606,0.9426,0.9664]
# 95.241% 8.90E-5
confusion matrix:
76321	34	168	388	0
1866	426	116	2	0
574	78	5022	71	0
124	0	102	375	0
7	1	7	0	0
acc:0.9587
confusion matrix:
73637	3176	26	72	0
1340	1066	3	1	0
2288	271	2902	284	0
281	1	0	319	0
11	0	4	0	0
acc:0.9095
confusion matrix:
75635	147	1033	96	0
1285	930	195	0	0
251	4	5487	3	0
167	1	268	165	0
5	1	9	0	0
acc:0.9596
confusion matrix:
73379	3436	49	47	0
1120	1268	19	3	0
1311	136	4171	127	0
260	4	10	327	0
10	1	4	0	0
acc:0.9237
confusion matrix:
76849	11	37	14	0
2268	132	10	0	0
3709	162	1838	36	0
510	0	46	45	0
11	0	2	2	0
acc:0.9204
confusion matrix:
76476	362	52	21	0
1089	1298	22	1	0
1311	294	4024	116	0
451	0	8	142	0
11	0	4	0	0
acc:0.9563
confusion matrix:
76681	49	97	84	0
2011	382	14	3	0
1161	262	4248	74	0
192	1	56	352	0
5	3	7	0	0
acc:0.9531
confusion matrix:
76333	495	31	52	0
1143	1241	25	1	0
1216	222	4243	64	0
384	1	35	181	0
9	0	4	2	0
acc:0.957
confusion matrix:
75557	1104	226	24	0
985	1386	39	0	0
268	344	5106	27	0
227	3	155	216	0
7	1	7	0	0
acc:0.9601
confusion matrix:
76098	127	140	546	0
1401	953	56	0	0
749	69	4862	65	0
186	1	60	354	0
6	1	6	2	0
acc:0.9601
{"min_delta": 0.02, "epoch": 50, "times": 10, "patience": 4, "bias": 0, "ratio": 2}
acc = [0.9587,0.9095,0.9596,0.9237,0.9204,0.9563,0.9531,0.957,0.9601,0.9601]
# 94.585 35.06E-5

