confusion matrix:
74633	1883	348	47	0
1397	908	104	1	0
1151	47	4509	38	0
344	0	75	182	0
9	0	6	0	0
acc:0.9364
confusion matrix:
74670	1683	450	108	0
1448	871	91	0	0
1228	180	4316	21	0
297	1	92	211	0
8	0	5	2	0
acc:0.9345
confusion matrix:
74209	1674	964	64	0
1460	827	123	0	0
1057	10	4663	15	0
350	0	106	145	0
7	0	7	1	0
acc:0.9319
confusion matrix:
73631	2017	1191	72	0
1302	1093	13	2	0
963	50	4730	2	0
258	2	173	168	0
6	0	9	0	0
acc:0.9293
confusion matrix:
74628	1716	561	6	0
2247	64	99	0	0
1302	1	4439	3	0
425	0	62	114	0
5	0	10	0	0
acc:0.9249
confusion matrix:
72689	1567	2640	15	0
1556	736	114	4	0
989	6	4721	29	0
342	0	100	159	0
7	0	7	1	0
acc:0.9139
confusion matrix:
74742	1416	581	172	0
1556	819	33	2	0
842	268	4629	6	0
297	0	107	197	0
7	1	7	0	0
acc:0.9382
confusion matrix:
74274	1974	613	50	0
1152	1141	115	2	0
753	230	4730	32	0
250	1	123	227	0
7	0	8	0	0
acc:0.938
confusion matrix:
73804	1982	1113	12	0
1643	717	49	1	0
940	11	4779	15	0
314	0	137	150	0
5	0	10	0	0
acc:0.9273
confusion matrix:
75098	1448	290	75	0
1459	931	20	0	0
1122	88	4502	33	0
364	0	47	190	0
7	2	6	0	0
acc:0.9421
{"ratio": 2, "bias": 0, "min_delta": 0.002, "epoch": 50, "patience": 4, "times": 10}
acc = [0.9364,0.9345,0.9319,0.9293,0.9249,0.9139,0.9382,0.938,0.9273,0.9421]
# 93.165% 6.08E-5
confusion matrix:
73968	2311	599	33	0
1226	1085	98	1	0
703	343	4689	10	0
348	1	148	104	0
5	0	10	0	0
acc:0.9319
confusion matrix:
74533	1076	1288	14	0
1530	729	150	1	0
851	43	4757	94	0
395	0	63	143	0
7	0	8	0	0
acc:0.9356
confusion matrix:
74278	1910	642	81	0
1461	914	34	1	0
844	93	4787	21	0
312	0	104	185	0
7	0	8	0	0
acc:0.9356
confusion matrix:
73502	1764	1638	7	0
1429	910	71	0	0
756	245	4728	16	0
365	0	142	94	0
9	1	5	0	0
acc:0.9247
confusion matrix:
75565	554	336	456	0
1528	858	10	14	0
1206	198	4322	19	0
269	0	57	275	0
8	0	6	1	0
acc:0.9456
confusion matrix:
74125	1562	1147	77	0
1232	1074	100	4	0
977	104	4589	75	0
298	0	100	203	0
6	0	9	0	0
acc:0.9336
confusion matrix:
73125	1515	2261	10	0
2118	184	108	0	0
852	7	4883	3	0
341	0	168	92	0
6	0	9	0	0
acc:0.9137
confusion matrix:
74097	1829	963	22	0
1242	1125	42	1	0
759	188	4791	7	0
326	1	118	156	0
6	1	8	0	0
acc:0.9357
confusion matrix:
73057	1995	1843	16	0
1416	867	124	3	0
436	4	5294	11	0
233	0	178	190	0
5	0	10	0	0
acc:0.9268
confusion matrix:
69142	1721	6047	1	0
1393	695	322	0	0
285	4	5456	0	0
337	0	262	2	0
5	1	9	0	0
acc:0.8788
{"ratio": 2, "bias": 0, "min_delta": 0.005, "epoch": 50, "patience": 4, "times": 10}
acc = [0.9319,0.9356,0.9356,0.9247,0.9456,0.9336,0.9137,0.9357,0.9268,0.8788]
# 92.62% 31.36E-5
confusion matrix:
74101	754	2042	14	0
1234	1058	118	0	0
1032	30	4677	6	0
332	1	139	129	0
5	1	9	0	0
acc:0.9333
confusion matrix:
74100	2460	351	0	0
1494	912	3	1	0
1222	223	4299	1	0
427	1	139	34	0
6	1	8	0	0
acc:0.926
confusion matrix:
73079	2492	1340	0	0
1354	936	120	0	0
515	185	5040	5	0
379	2	138	82	0
6	1	8	0	0
acc:0.9236
confusion matrix:
74076	375	2447	13	0
1862	386	161	1	0
973	1	4765	6	0
315	0	145	141	0
5	3	7	0	0
acc:0.9263
confusion matrix:
75491	860	114	446	0
2328	77	3	2	0
2216	1	3413	115	0
367	0	17	217	0
9	0	5	1	0
acc:0.9243
confusion matrix:
74667	1630	609	5	0
2256	69	85	0	0
1320	1	4423	1	0
439	0	106	56	0
6	0	9	0	0
acc:0.9245
confusion matrix:
75065	1325	307	214	0
1343	1037	20	10	0
1099	94	4502	50	0
293	1	80	227	0
6	0	8	1	0
acc:0.9434
confusion matrix:
73507	1978	1414	12	0
1505	798	106	1	0
867	22	4849	7	0
326	0	102	173	0
6	0	9	0	0
acc:0.9258
confusion matrix:
74224	1987	684	16	0
1474	814	122	0	0
952	9	4757	27	0
291	0	113	197	0
7	1	7	0	0
acc:0.9336
confusion matrix:
74778	1666	466	1	0
1542	785	83	0	0
1203	67	4451	24	0
411	0	96	94	0
8	2	5	0	0
acc:0.9349
{"ratio": 2, "bias": 0, "min_delta": 0.02, "epoch": 50, "patience": 4, "times": 10}
acc = [0.9333,0.926,0.9236,0.9263,0.9243,0.9245,0.9434,0.9258,0.9336,0.9349]
# 92.957% 3.77E-5
#################################################################
###########             sigmoid           #######################
#################################################################

confusion matrix:
73409	2153	1339	10	0
1394	957	59	0	0
591	119	5028	7	0
252	0	175	174	0
7	0	8	0	0
acc:0.9286
confusion matrix:
71467	3107	2141	196	0
1155	1102	152	1	0
313	264	5109	59	0
218	0	135	248	0
6	2	5	2	0
acc:0.9095
confusion matrix:
73749	1996	1158	8	0
1409	880	121	0	0
753	140	4850	2	0
330	1	165	105	0
7	0	8	0	0
acc:0.9288
confusion matrix:
72147	2014	2746	4	0
1553	694	163	0	0
646	27	5048	24	0
351	0	112	138	0
5	2	8	0	0
acc:0.9107
confusion matrix:
74004	1952	897	58	0
1455	933	8	14	0
879	86	4764	16	0
271	1	156	173	0
6	0	9	0	0
acc:0.9322
confusion matrix:
72328	1994	2578	11	0
1343	900	167	0	0
484	40	5212	9	0
256	0	201	144	0
5	0	10	0	0
acc:0.9172
confusion matrix:
74309	1936	646	20	0
1476	918	16	0	0
975	71	4675	24	0
317	0	129	155	0
5	0	10	0	0
acc:0.9344
confusion matrix:
74181	1921	701	108	0
1464	943	3	0	0
942	156	4640	7	0
239	0	125	237	0
7	0	8	0	0
acc:0.9337
confusion matrix:
74438	1294	1163	16	0
1390	994	26	0	0
1056	91	4593	5	0
307	0	112	182	0
6	1	8	0	0
acc:0.9361
confusion matrix:
73153	1075	2654	29	0
1206	1121	82	1	0
524	153	5056	12	0
254	0	156	191	0
5	0	10	0	0
acc:0.9281
{"ratio": 2, "bias": 0, "times": 10, "min_delta": 0.002, "patience": 4, "epoch": 50}
acc = [0.9286,0.9095,0.9288,0.9107,0.9322,0.9172,0.9344,0.9337,0.9361,0.9281]
# 92.593% 8.73E-5
confusion matrix:
72454	1944	2498	15	0
1326	913	170	1	0
521	154	5067	3	0
269	0	214	118	0
6	1	8	0	0
acc:0.9168
confusion matrix:
71802	1901	3136	72	0
1460	835	113	2	0
709	82	4931	23	0
219	0	159	223	0
6	1	8	0	0
acc:0.9079
confusion matrix:
73532	2020	1271	88	0
1293	972	143	2	0
601	226	4839	79	0
217	0	101	283	0
8	1	5	1	0
acc:0.9293
confusion matrix:
73455	1159	2233	64	0
1394	898	118	0	0
553	13	5135	44	0
250	2	105	244	0
5	0	9	1	0
acc:0.9306
confusion matrix:
73799	1492	1613	7	0
1220	1073	113	4	0
571	3	5155	16	0
299	0	143	159	0
7	0	8	0	0
acc:0.9359
confusion matrix:
74130	2007	745	29	0
1583	732	94	1	0
841	173	4675	56	0
247	0	92	262	0
7	2	6	0	0
acc:0.9313
confusion matrix:
73988	2050	824	49	0
1458	937	14	1	0
856	217	4603	69	0
309	0	103	189	0
5	1	9	0	0
acc:0.9304
confusion matrix:
73028	2047	1813	23	0
1249	1138	22	1	0
726	290	4702	27	0
294	1	112	194	0
8	1	6	0	0
acc:0.9227
confusion matrix:
72353	1692	2794	72	0
1514	798	96	2	0
796	100	4839	10	0
327	1	113	160	0
7	0	8	0	0
acc:0.9121
confusion matrix:
73502	1866	1495	48	0
1478	886	44	2	0
788	234	4706	17	0
292	1	82	226	0
6	1	8	0	0
acc:0.9257
{"ratio": 2, "bias": 0, "times": 10, "min_delta": 0.005, "patience": 4, "epoch": 50}
acc = [0.9168,0.9079,0.9293,0.9306,0.9359,0.9313,0.9304,0.9227,0.9121,0.9257]
# 92.426% 7.64E-5
confusion matrix:
74500	1758	620	33	0
1440	855	113	2	0
879	102	4728	36	0
318	0	72	211	0
6	0	9	0	0
acc:0.9371
confusion matrix:
73951	2038	909	13	0
1449	918	40	3	0
668	368	4705	4	0
387	2	129	83	0
8	1	6	0	0
acc:0.9297
confusion matrix:
73974	2321	595	21	0
1541	758	111	0	0
832	24	4845	44	0
355	0	72	174	0
6	3	6	0	0
acc:0.9308
confusion matrix:
73405	1978	1247	281	0
1176	1199	34	1	0
632	113	4983	17	0
155	1	160	285	0
6	1	8	0	0
acc:0.9322
confusion matrix:
74009	1599	971	332	0
1501	742	153	14	0
955	41	4736	13	0
248	0	131	222	0
6	0	9	0	0
acc:0.9303
confusion matrix:
73909	2185	655	162	0
1436	927	43	4	0
777	262	4690	16	0
261	2	139	199	0
5	3	6	1	0
acc:0.9305
confusion matrix:
73937	2050	882	42	0
1448	890	72	0	0
820	115	4781	29	0
247	0	116	238	0
6	1	5	3	0
acc:0.9319
confusion matrix:
73191	1987	1718	15	0
1273	1017	119	1	0
690	84	4963	8	0
322	1	123	155	0
6	0	9	0	0
acc:0.9258
confusion matrix:
74047	1571	1281	12	0
1524	850	35	1	0
636	17	5085	7	0
312	0	156	133	0
6	1	8	0	0
acc:0.935
confusion matrix:
72428	9	4464	10	0
1849	341	220	0	0
575	1	5139	30	0
307	0	127	167	0
5	0	10	0	0
acc:0.9112
{"ratio": 2, "bias": 0, "times": 10, "min_delta": 0.02, "patience": 4, "epoch": 50}
acc = [0.9371,0.9297,0.9308,0.9322,0.9303,0.9305,0.9319,0.9258,0.935,0.9112]
# 92.94% 4.53E-5
confusion matrix:
74788	1418	437	268	0
1815	590	4	1	0
1436	11	4298	0	0
472	0	105	24	0
7	1	7	0	0
acc:0.9302
confusion matrix:
74070	1906	889	46	0
1509	886	15	0	0
1074	199	4414	58	0
361	0	66	174	0
8	0	7	0	0
acc:0.9284
confusion matrix:
73875	1609	1365	62	0
1859	530	21	0	0
974	81	4687	3	0
273	0	164	164	0
7	0	8	0	0
acc:0.925
confusion matrix:
73681	1881	1233	116	0
1154	1165	90	1	0
870	64	4797	14	0
289	1	143	168	0
6	0	9	0	0
acc:0.9315
confusion matrix:
73891	2028	971	21	0
1426	860	123	1	0
761	7	4945	32	0
351	0	84	166	0
6	1	8	0	0
acc:0.9321
confusion matrix:
73649	2215	1016	31	0
1105	1184	120	1	0
642	231	4865	7	0
261	1	143	196	0
6	2	7	0	0
acc:0.9324
confusion matrix:
74840	1564	279	228	0
1407	1002	0	1	0
2050	139	3445	111	0
339	1	51	210	0
7	2	5	1	0
acc:0.9278
confusion matrix:
74766	1290	683	172	0
1481	817	107	5	0
896	130	4697	22	0
311	0	71	219	0
7	2	6	0	0
acc:0.9395
confusion matrix:
74358	1288	1153	112	0
1515	804	91	0	0
984	127	4631	3	0
288	0	153	160	0
8	0	7	0	0
acc:0.9331
confusion matrix:
74455	1912	496	48	0
1237	1149	20	4	0
892	267	4524	62	0
297	1	72	231	0
7	1	7	0	0
acc:0.9379
{"min_delta": 0.002, "bias": 0, "ratio": 2, "patience": 4, "times": 10, "epoch": 50}
acc = [0.9302,0.9284,0.925,0.9315,0.9321,0.9324,0.9278,0.9395,0.9331,0.9379]
# 93.178% 1.75E-5
confusion matrix:
74000	1691	1155	65	0
1540	743	127	0	0
924	3	4783	35	0
285	0	100	216	0
7	0	8	0	0
acc:0.9307
confusion matrix:
73138	1232	556	1985	0
1734	643	27	6	0
1021	9	4547	168	0
197	2	72	330	0
7	0	5	3	0
acc:0.918
confusion matrix:
73266	1859	1773	13	0
1449	841	120	0	0
651	49	5040	5	0
286	0	170	145	0
6	0	9	0	0
acc:0.9254
confusion matrix:
73925	2027	933	26	0
1161	1134	114	1	0
638	92	5009	6	0
279	0	161	161	0
6	1	8	0	0
acc:0.9364
confusion matrix:
73351	1578	1753	229	0
1485	816	108	1	0
861	40	4781	63	0
294	0	81	226	0
8	0	7	0	0
acc:0.924
confusion matrix:
74483	2126	82	220	0
1401	972	37	0	0
1867	450	3305	123	0
394	1	14	192	0
6	2	6	1	0
acc:0.9215
confusion matrix:
73706	1340	1819	46	0
1254	878	277	1	0
626	12	5100	7	0
283	0	135	183	0
5	1	9	0	0
acc:0.9321
confusion matrix:
74420	2013	299	179	0
1398	905	106	1	0
1110	25	4528	82	0
320	0	37	244	0
8	0	7	0	0
acc:0.9348
confusion matrix:
72735	455	3719	2	0
1169	1110	130	1	0
557	204	4980	4	0
350	0	165	86	0
6	0	9	0	0
acc:0.921
confusion matrix:
73687	224	2963	37	0
1447	897	66	0	0
971	1	4772	1	0
278	0	202	121	0
7	0	8	0	0
acc:0.9276
{"min_delta": 0.005, "bias": 0, "ratio": 2, "patience": 4, "times": 10, "epoch": 50}
acc = [0.9307,0.918,0.9254,0.9364,0.924,0.9215,0.9321,0.9348,0.921,0.9276]
confusion matrix:
72726	2089	2093	3	0
1125	1157	128	0	0
571	117	5056	1	0
332	0	164	105	0
8	0	7	0	0
acc:0.9225
confusion matrix:
72975	985	2949	2	0
1207	1091	112	0	0
574	136	5035	0	0
420	0	171	10	0
6	0	9	0	0
acc:0.9233
confusion matrix:
75921	666	207	117	0
1571	767	70	2	0
1456	16	4263	10	0
364	0	56	181	0
11	0	4	0	0
acc:0.9469
confusion matrix:
74432	1816	654	9	0
1453	849	108	0	0
1214	19	4456	56	0
414	0	52	135	0
7	1	7	0	0
acc:0.9322
confusion matrix:
74556	1708	644	3	0
1568	820	21	1	0
820	382	4474	69	0
400	1	76	124	0
5	0	10	0	0
acc:0.9334
confusion matrix:
74037	1867	998	9	0
1483	884	43	0	0
707	59	4976	3	0
327	0	161	113	0
5	1	9	0	0
acc:0.9338
confusion matrix:
71784	1711	3406	10	0
1405	796	208	1	0
659	15	5051	20	0
449	0	73	79	0
6	2	5	2	0
acc:0.907
confusion matrix:
74551	872	1307	181	0
1323	942	145	0	0
866	54	4809	16	0
292	0	150	159	0
7	0	8	0	0
acc:0.9391
{"min_delta": 0.02, "bias": 0, "ratio": 2, "patience": 4, "times": 10, "epoch": 50}
acc = [0.9225,0.9233,0.9469,0.9289,0.9338,0.9322,0.9334,0.9338,0.907,0.9391]
# 93.009% 10.45E-5confusion matrix:
74178	1811	890	32	0
1442	946	19	3	0
884	83	4775	3	0
389	1	91	120	0
7	0	8	0	0
acc:0.9339
confusion matrix:
74771	1591	471	78	0
1458	864	86	2	0
831	217	4677	20	0
335	0	66	200	0
6	1	8	0	0
acc:0.9397
confusion matrix:
74748	1727	333	103	0
1483	845	78	4	0
1211	51	4385	98	0
350	1	44	206	0
10	0	5	0	0
acc:0.9358
confusion matrix:
73722	1535	1574	80	0
1538	780	92	0	0
878	10	4826	31	0
313	0	68	220	0
7	2	5	1	0
acc:0.9284
confusion matrix:
72684	962	3242	23	0
1306	944	159	1	0
549	63	4904	229	0
350	0	124	127	0
7	2	5	1	0
acc:0.918
confusion matrix:
73834	1477	1234	366	0
1457	830	118	5	0
796	12	4892	45	0
246	0	65	290	0
6	0	9	0	0
acc:0.9319
confusion matrix:
72721	1937	2140	113	0
1473	828	108	1	0
683	8	5051	3	0
319	0	172	110	0
5	0	10	0	0
acc:0.9186
confusion matrix:
74682	1093	943	193	0
1535	802	72	1	0
959	9	4773	4	0
231	0	144	226	0
6	1	8	0	0
acc:0.9393
confusion matrix:
74315	1682	914	0	0
1347	948	114	1	0
857	72	4814	2	0
441	0	159	1	0
7	0	8	0	0
acc:0.9346
confusion matrix:
73818	1756	918	419	0
1509	782	115	4	0
1203	13	4506	23	0
287	1	81	232	0
10	0	4	1	0
acc:0.926
{"ratio": 2, "bias": 0, "min_delta": 0.002, "times": 10, "epoch": 50, "patience": 4}
acc = [0.9339,0.9397,0.9358,0.9284,0.918,0.9319,0.9186,0.9393,0.9346,0.926]
# 93.062 5.43E-5
confusion matrix:
76110	329	331	141	0
1883	481	46	0	0
1717	3	4020	5	0
389	0	44	168	0
10	2	3	0	0
acc:0.9428
confusion matrix:
73692	2034	1101	84	0
1395	894	121	0	0
876	96	4718	55	0
336	1	102	162	0
8	0	7	0	0
acc:0.9275
confusion matrix:
73761	1967	1101	82	0
1582	770	56	2	0
785	92	4863	5	0
335	0	121	145	0
5	1	9	0	0
acc:0.9283
confusion matrix:
74438	1591	869	13	0
1718	666	26	0	0
1016	9	4714	6	0
373	1	124	103	0
5	1	9	0	0
acc:0.9328
confusion matrix:
75152	893	784	82	0
1627	672	108	3	0
1069	14	4655	7	0
364	0	113	124	0
7	0	8	0	0
acc:0.9407
confusion matrix:
74770	1271	860	10	0
1276	1041	93	0	0
770	178	4772	25	0
372	0	81	148	0
10	0	5	0	0
acc:0.9422
confusion matrix:
73173	1837	1892	9	0
1251	1042	115	2	0
739	188	4814	4	0
355	1	151	94	0
5	0	10	0	0
acc:0.9234
confusion matrix:
73658	1612	1631	10	0
1490	881	38	1	0
554	193	4995	3	0
294	0	194	113	0
7	0	7	1	0
acc:0.9296
confusion matrix:
71450	1427	4005	29	0
1510	740	160	0	0
563	0	5174	8	0
269	1	194	137	0
5	0	10	0	0
acc:0.9045
confusion matrix:
73901	1977	903	130	0
1370	925	114	1	0
677	61	4995	12	0
287	0	139	175	0
5	0	9	1	0
acc:0.9336
{"ratio": 2, "bias": 0, "min_delta": 0.005, "times": 10, "epoch": 50, "patience": 4}
acc = [0.9428,0.9275,0.9283,0.9328,0.9407,0.9422,0.9234,0.9296,0.9045,0.9336]
# 93.054% 11.48E-5
confusion matrix:
72698	173	3905	135	0
1562	646	199	3	0
640	4	5096	5	0
277	0	160	164	0
5	0	10	0	0
acc:0.9174
confusion matrix:
74150	563	2183	15	0
1592	793	25	0	0
1064	36	4617	28	0
360	1	68	172	0
6	0	9	0	0
acc:0.9306
confusion matrix:
74499	1885	510	17	0
1425	963	22	0	0
1112	64	4536	33	0
336	0	102	163	0
8	0	7	0	0
acc:0.9356
confusion matrix:
74507	1565	828	11	0
1302	999	109	0	0
876	164	4681	24	0
290	0	108	203	0
6	0	9	0	0
acc:0.9382
confusion matrix:
73880	1952	1003	76	0
1459	842	109	0	0
1022	29	4672	22	0
349	1	91	160	0
7	0	8	0	0
acc:0.9285
confusion matrix:
74850	612	1446	3	0
1468	823	119	0	0
1019	20	4702	4	0
356	0	111	134	0
7	0	8	0	0
acc:0.9396
confusion matrix:
73059	1815	2005	32	0
1499	761	149	1	0
603	5	5121	16	0
341	0	125	135	0
6	0	9	0	0
acc:0.9229
confusion matrix:
74288	1855	765	3	0
1322	962	125	1	0
984	121	4638	2	0
440	0	142	19	0
8	0	7	0	0
acc:0.9326
confusion matrix:
73922	844	2124	21	0
1267	998	143	2	0
573	61	5106	5	0
299	0	169	133	0
5	1	9	0	0
acc:0.9355
{"ratio": 2, "bias": 0, "min_delta": 0.02, "times": 10, "epoch": 50, "patience": 4}
acc = [0.9289,0.9174,0.9306,0.9356,0.9382,0.9285,0.9396,0.9229,0.9326,0.9355]
# 93.097% 4.311E-5
confusion matrix:
72592	64	4254	1	0
1485	738	187	0	0
703	18	5021	3	0
354	1	157	89	0
5	0	10	0	0
acc:0.9155
confusion matrix:
74769	1693	426	23	0
1872	532	5	1	0
1498	4	4232	11	0
364	0	68	169	0
7	1	7	0	0
acc:0.9302
confusion matrix:
74012	2056	831	12	0
1264	1063	83	0	0
1031	81	4612	21	0
299	1	142	159	0
7	1	7	0	0
acc:0.9319
confusion matrix:
74863	675	1269	104	0
1366	920	123	1	0
514	237	4955	39	0
255	0	126	220	0
7	0	8	0	0
acc:0.9449
confusion matrix:
74941	1503	387	80	0
1545	862	1	2	0
1349	183	4169	44	0
302	1	99	199	0
8	1	4	2	0
acc:0.9357
confusion matrix:
74511	1775	603	22	0
1869	439	101	1	0
1249	25	4467	4	0
406	4	76	115	0
7	2	6	0	0
acc:0.9282
confusion matrix:
74385	1935	575	16	0
1430	958	21	1	0
1087	23	4625	10	0
261	0	132	208	0
7	1	7	0	0
acc:0.9357
confusion matrix:
72959	1879	1987	86	0
1337	970	102	1	0
625	12	5098	10	0
302	0	135	164	0
6	1	8	0	0
acc:0.9242
confusion matrix:
72245	1964	2506	196	0
1189	1093	123	5	0
548	120	5039	38	0
191	0	131	279	0
5	0	9	1	0
acc:0.918
confusion matrix:
72274	1333	3277	27	0
1304	946	158	2	0
651	20	5066	8	0
291	0	135	175	0
7	2	6	0	0
acc:0.9157
{"bias": 0, "epoch": 50, "min_delta": 0.002, "times": 10, "ratio": 4, "patience": 4}
acc = [0.9155,0.9302,0.9319,0.9449,0.9357,0.9282,0.9357,0.9242,0.918,0.9157]
confusion matrix:
74931	1573	383	24	0
1294	1104	12	0	0
825	364	4536	20	0
251	1	69	280	0
8	0	7	0	0
acc:0.9436
confusion matrix:
75164	4	1737	6	0
1330	981	97	2	0
829	121	4794	1	0
265	0	218	118	0
7	0	8	0	0
acc:0.946
confusion matrix:
75160	1557	194	0	0
1658	741	11	0	0
1786	15	3944	0	0
529	0	72	0	0
11	0	4	0	0
acc:0.9319
confusion matrix:
74273	1905	708	25	0
1532	861	16	1	0
1053	96	4588	8	0
374	1	100	126	0
4	0	8	3	0
acc:0.9319
confusion matrix:
74719	1226	958	8	0
2041	260	109	0	0
1076	110	4559	0	0
422	0	104	75	0
8	0	7	0	0
acc:0.9292
confusion matrix:
73970	1777	1059	104	1
1362	1024	19	5	0
806	51	4884	4	0
305	0	133	163	0
6	1	7	1	0
acc:0.9342
confusion matrix:
71933	1613	3363	2	0
1835	415	158	2	0
822	21	4900	2	0
326	0	197	78	0
7	1	6	1	0
acc:0.9025
confusion matrix:
74359	2044	478	30	0
1443	944	23	0	0
1098	132	4513	2	0
382	0	109	110	0
8	0	7	0	0
acc:0.9328
confusion matrix:
74360	1944	598	9	0
1448	885	77	0	0
680	111	4935	19	0
271	1	112	217	0
7	1	6	1	0
acc:0.9383
confusion matrix:
73273	2035	1601	2	0
1491	886	32	1	0
683	4	5055	3	0
335	1	161	104	0
7	1	7	0	0
acc:0.9257
{"bias": 0, "epoch": 50, "min_delta": 0.005, "times": 10, "ratio": 4, "patience": 4}
acc = [0.9436,0.946,0.9319,0.9319,0.9292,0.9342,0.9025,0.9328,0.9383,0.9257]
confusion matrix:
73613	1956	1312	30	0
1414	890	106	0	0
823	80	4814	28	0
293	1	122	185	0
5	0	10	0	0
acc:0.9279
confusion matrix:
74031	1506	1288	86	0
1372	930	106	2	0
791	81	4865	8	0
268	0	128	205	0
5	2	8	0	0
acc:0.934
confusion matrix:
74112	2033	520	246	0
1679	681	48	2	0
942	80	4710	13	0
260	0	129	212	0
6	0	9	0	0
acc:0.9304
confusion matrix:
74041	1995	875	0	0
1862	459	89	0	0
674	108	4963	0	0
400	0	201	0	0
6	0	9	0	0
acc:0.9274
confusion matrix:
73984	134	2793	0	0
1471	848	91	0	0
1209	26	4510	0	0
462	0	139	0	0
6	0	9	0	0
acc:0.926
confusion matrix:
73261	2284	1317	49	0
1186	1055	168	1	0
763	195	4759	28	0
395	1	69	136	0
6	1	6	2	0
acc:0.9245
confusion matrix:
74801	1441	493	176	0
1229	1125	56	0	0
751	357	4591	46	0
386	1	71	143	0
7	0	8	0	0
acc:0.9414
confusion matrix:
74383	1497	1024	7	0
1483	898	29	0	0
944	63	4719	19	0
363	0	83	155	0
7	1	7	0	0
acc:0.9355
confusion matrix:
74986	1196	617	112	0
1261	1099	46	4	0
803	200	4714	28	0
236	0	103	262	0
6	1	8	0	0
acc:0.9461
confusion matrix:
73566	1885	1178	282	0
1694	607	108	1	0
1260	3	4452	30	0
309	0	65	227	0
8	0	7	0	0
acc:0.9203
{"bias": 0, "epoch": 50, "min_delta": 0.02, "times": 10, "ratio": 4, "patience": 4}
acc = [0.9279,0.934,0.9304,0.9274,0.926,0.9245,0.9414,0.9355,0.9461,0.9203]
