confusion matrix:
73550	1534	1823	4	0
1341	1016	53	0	0
896	8	4840	1	0
438	0	157	6	0
5	1	9	0	0
acc:0.9268
confusion matrix:
73191	1884	1783	53	0
1469	887	52	2	0
556	29	5154	6	0
262	1	171	167	0
5	0	10	0	0
acc:0.9267
confusion matrix:
74115	528	2264	4	0
1386	930	94	0	0
584	4	5155	2	0
325	0	179	97	0
5	1	9	0	0
acc:0.9372
confusion matrix:
76025	566	320	0	0
2039	368	3	0	0
1295	97	4353	0	0
534	0	67	0	0
8	1	6	0	0
acc:0.9424
confusion matrix:
74017	1798	1096	0	0
1638	758	14	0	0
789	149	4807	0	0
388	0	167	46	0
7	0	8	0	0
acc:0.9293
confusion matrix:
71424	784	4696	7	0
1189	952	269	0	0
424	142	5176	3	0
341	0	174	86	0
5	1	9	0	0
acc:0.9061
confusion matrix:
74478	1101	1288	44	0
1352	931	127	0	0
670	47	5007	21	0
313	0	139	149	0
6	0	9	0	0
acc:0.9403
confusion matrix:
74012	1407	1463	29	0
1518	841	50	1	0
723	79	4936	7	0
322	0	111	168	0
5	0	10	0	0
acc:0.9332
confusion matrix:
74411	1475	878	147	0
1725	635	50	0	0
749	195	4769	32	0
302	0	101	198	0
5	1	9	0	0
acc:0.9338
confusion matrix:
74365	1719	768	59	0
1432	942	35	1	0
871	93	4768	13	0
345	0	72	184	0
7	0	8	0	0
acc:0.9367
{"times": 10, "ratio": 4, "bias": 0, "min_delta": 0.002, "epoch": 50, "patience": 3}
acc = [0.9268,0.9267,0.9372,0.9424,0.9293,0.9061,0.9403,0.9332,0.9338,0.9367]
# 93.125 9.58E-5
confusion matrix:
72483	2521	1879	28	0
1109	1193	108	0	0
602	334	4798	11	0
325	4	137	135	0
4	1	9	1	0
acc:0.9175
confusion matrix:
75057	777	1044	33	0
1278	1116	15	1	0
766	200	4777	2	0
370	1	109	121	0
5	0	10	0	0
acc:0.9462
confusion matrix:
74291	1845	744	31	0
1234	1115	60	1	0
823	115	4773	34	0
435	0	89	77	0
5	0	10	0	0
acc:0.9367
confusion matrix:
74708	447	1737	19	0
1425	924	61	0	0
818	73	4813	41	0
366	0	99	136	0
5	0	10	0	0
acc:0.9405
confusion matrix:
74196	1492	1216	7	0
1514	833	62	1	0
619	1	5121	4	0
423	0	155	23	0
6	0	9	0	0
acc:0.9357
confusion matrix:
74051	1304	1505	51	0
1171	1133	105	1	0
714	203	4790	38	0
314	1	102	184	0
5	0	10	0	0
acc:0.9355
confusion matrix:
73856	449	2236	370	0
1333	1000	76	1	0
590	1	5096	58	0
208	0	86	307	0
5	0	10	0	0
acc:0.9367
confusion matrix:
75086	565	1220	40	0
1337	973	99	1	0
671	24	4988	62	0
225	1	95	280	0
6	0	9	0	0
acc:0.9492
confusion matrix:
72702	9	4164	36	0
1515	785	109	1	0
650	4	5089	2	0
345	1	139	116	0
5	0	10	0	0
acc:0.9184
confusion matrix:
74198	1829	875	9	0
1346	1037	27	0	0
610	81	5039	15	0
287	0	99	215	0
7	0	8	0	0
acc:0.9394
{"bias": 0, "patience": 3, "epoch": 50, "min_delta": 0.002, "times": 10, "ratio": 4}
acc = [0.9175,0.9462,0.9367,0.9405,0.9357,0.9355,0.9367,0.9492,0.9184,0.9394]
# 93.557% 9.62E-5
confusion matrix:
76361	162	385	3	0
1425	973	12	0	0
937	280	4525	3	0
412	0	97	92	0
5	0	10	0	0
acc:0.9565
confusion matrix:
75007	1326	542	36	0
1311	1091	8	0	0
1043	239	4410	53	0
380	0	52	169	0
7	0	8	0	0
acc:0.9416
confusion matrix:
74133	1403	1362	13	0
1475	908	27	0	0
583	182	4966	14	0
343	0	105	153	0
5	0	10	0	0
acc:0.9356
confusion matrix:
75353	166	1379	13	0
1491	854	65	0	0
775	172	4790	8	0
322	0	134	145	0
5	0	10	0	0
acc:0.947
confusion matrix:
74449	1325	1102	35	0
1492	816	102	0	0
578	51	5102	14	0
246	0	124	231	0
5	1	9	0	0
acc:0.9407
confusion matrix:
72411	123	4377	0	0
1174	1123	113	0	0
476	64	5205	0	0
463	1	137	0	0
5	0	10	0	0
acc:0.919
confusion matrix:
73835	785	2257	34	0
1220	1112	78	0	0
562	179	4994	10	0
330	1	120	150	0
5	0	10	0	0
acc:0.9347
confusion matrix:
72872	1624	2415	0	0
1209	1147	54	0	0
441	150	5154	0	0
382	0	219	0	0
5	0	10	0	0
acc:0.924
confusion matrix:
74594	1482	772	63	0
1416	963	31	0	0
869	121	4715	40	0
349	0	66	186	0
6	0	9	0	0
acc:0.939
confusion matrix:
75590	273	1040	8	0
1882	494	33	1	0
1165	25	4555	0	0
424	0	177	0	0
6	0	9	0	0
acc:0.9411
{"min_delta": 0.005, "bias": 0, "epoch": 50, "ratio": 4, "patience": 3, "times": 10}
acc = [0.9565,0.9416,0.9356,0.947,0.9407,0.919,0.9347,0.924,0.939,0.9411]
# 93.792% 10.27E-5
confusion matrix:
75269	839	791	12	0
1565	809	35	1	0
864	77	4795	9	0
471	0	88	42	0
6	0	9	0	0
acc:0.9444
confusion matrix:
74434	1170	1297	10	0
1423	943	44	0	0
909	12	4785	39	0
383	0	120	98	0
6	0	9	0	0
acc:0.9367
confusion matrix:
74699	1427	748	37	0
1549	778	82	1	0
924	95	4692	34	0
333	0	97	171	0
6	0	9	0	0
acc:0.9377
confusion matrix:
75148	1135	623	5	0
1614	778	18	0	0
1099	59	4576	11	0
403	0	72	126	0
5	0	10	0	0
acc:0.941
confusion matrix:
76103	86	698	24	0
1628	731	50	1	0
1153	1	4554	37	0
428	0	57	116	0
6	0	9	0	0
acc:0.9512
confusion matrix:
75319	475	1109	8	0
2099	223	88	0	0
1010	38	4695	2	0
348	0	157	96	0
7	0	8	0	0
acc:0.9376
confusion matrix:
74553	357	1985	16	0
1212	1061	137	0	0
952	63	4728	2	0
366	1	107	127	0
5	0	10	0	0
acc:0.9392
confusion matrix:
74513	1438	908	52	0
1406	961	43	0	0
646	341	4749	9	0
317	0	131	153	0
5	0	10	0	0
acc:0.9381
confusion matrix:
74821	589	1494	7	0
1720	642	48	0	0
883	29	4830	3	0
333	0	135	133	0
6	0	9	0	0
acc:0.9387
confusion matrix:
73234	1547	2116	14	0
1434	873	102	1	0
693	21	5027	4	0
300	0	168	133	0
5	0	10	0	0
acc:0.9251
{"times": 10, "epoch": 50, "min_delta": 0.02, "bias": 0, "ratio": 4, "patience": 3}
acc = [0.9444,0.9367,0.9377,0.941,0.9512,0.9376,0.9392,0.9381,0.9387,0.9251]
# 93.897% 3.85E-5
confusion matrix:
74370	1547	986	8	0
1533	821	56	0	0
817	110	4799	19	0
352	0	67	182	0
6	0	9	0	0
acc:0.9357
confusion matrix:
74539	548	1794	30	0
1393	876	140	1	0
904	19	4794	28	0
325	0	89	187	0
5	1	9	0	0
acc:0.9383
confusion matrix:
74767	1212	893	39	0
1262	1091	56	1	0
908	66	4749	22	0
394	2	48	157	0
6	1	8	0	0
acc:0.9426
confusion matrix:
74663	1295	953	0	0
1420	943	47	0	0
850	139	4753	3	0
462	0	109	30	0
5	0	10	0	0
acc:0.9382
confusion matrix:
75112	962	829	8	0
1480	903	26	1	0
741	211	4789	4	0
411	0	103	87	0
6	0	9	0	0
acc:0.9441
confusion matrix:
75315	662	916	18	0
1553	843	14	0	0
1044	107	4593	1	0
359	0	123	119	0
7	0	8	0	0
acc:0.9438
confusion matrix:
74810	866	1223	12	0
1510	869	31	0	0
857	111	4745	32	0
310	0	141	150	0
6	0	9	0	0
acc:0.9404
confusion matrix:
73747	1580	1572	12	0
1302	1022	86	0	0
678	149	4915	3	0
317	0	146	138	0
5	0	10	0	0
acc:0.9316
confusion matrix:
74605	1253	1021	32	0
1281	1040	88	1	0
704	123	4904	14	0
364	0	106	131	0
6	0	8	1	0
acc:0.9416
confusion matrix:
72254	1862	2755	40	0
1232	935	242	1	0
407	22	5290	26	0
287	0	144	170	0
5	1	9	0	0
acc:0.9179
{"ratio": 2, "bias": 0, "patience": 4, "times": 10, "epoch": 50, "min_delta": 0.002}
acc = [0.9357,0.9383,0.9426,0.9382,0.9441,0.9438,0.9404,0.9316,0.9416,0.9179]
# 93.742% 5.58E-5
confusion matrix:
74349	1436	1093	33	0
1153	1128	129	0	0
788	69	4820	68	0
341	0	87	173	0
5	0	9	1	0
acc:0.9392
confusion matrix:
75743	224	915	29	0
1245	1121	44	0	0
817	11	4915	2	0
281	0	187	133	0
7	0	8	0	0
acc:0.956
confusion matrix:
73669	1199	1943	100	0
1359	993	57	1	0
590	195	4947	13	0
321	2	84	194	0
6	0	9	0	0
acc:0.9314
confusion matrix:
74762	1790	359	0	0
1591	814	5	0	0
1186	178	4381	0	0
484	0	117	0	0
7	0	8	0	0
acc:0.9332
confusion matrix:
74809	545	1534	23	0
1492	844	74	0	0
793	3	4924	25	0
368	0	145	88	0
5	0	10	0	0
acc:0.9414
confusion matrix:
74276	547	1745	343	0
1382	986	41	1	0
493	33	5200	19	0
217	0	120	264	0
5	0	10	0	0
acc:0.9422
confusion matrix:
74645	1726	514	26	0
1735	668	6	1	0
1028	128	4572	17	0
319	0	73	209	0
6	0	9	0	0
acc:0.9348
confusion matrix:
74336	1989	573	13	0
1329	1045	36	0	0
726	288	4700	31	0
346	1	73	181	0
5	0	10	0	0
acc:0.9367
confusion matrix:
74305	4	2600	2	0
1509	816	85	0	0
1005	11	4729	0	0
429	0	151	21	0
5	0	10	0	0
acc:0.9322
confusion matrix:
76013	386	511	1	0
1545	848	16	1	0
1107	85	4518	35	0
390	0	43	168	0
7	0	8	0	0
acc:0.9517
{"ratio": 2, "bias": 0, "patience": 4, "times": 10, "epoch": 50, "min_delta": 0.005}
acc = [0.9392,0.956,0.9314,0.9332,0.9414,0.9422,0.9348,0.9367,0.9322,0.9517]
# 0.93988 6.19-E5
confusion matrix:
74499	1611	790	11	0
1765	618	26	1	0
973	0	4749	23	0
441	0	54	106	0
6	1	7	1	0
acc:0.9334
confusion matrix:
73998	188	2723	2	0
1183	1049	178	0	0
498	150	5095	2	0
288	0	173	140	0
5	0	10	0	0
acc:0.937
confusion matrix:
74812	1790	234	75	0
1379	1015	16	0	0
958	230	4499	58	0
369	0	48	184	0
5	0	9	1	0
acc:0.9396
confusion matrix:
74547	1415	947	2	0
1562	773	74	1	0
719	167	4859	0	0
446	0	144	11	0
5	0	10	0	0
acc:0.9359
confusion matrix:
74818	1257	833	3	0
1390	984	36	0	0
750	252	4740	3	0
408	0	112	81	0
5	0	10	0	0
acc:0.941
confusion matrix:
73608	1780	1453	70	0
1168	1206	35	1	0
602	357	4758	28	0
306	2	98	195	0
4	1	10	0	0
acc:0.931
confusion matrix:
74391	16	2452	52	0
1672	548	189	1	0
702	11	5011	21	0
336	0	104	161	0
5	0	10	0	0
acc:0.935
confusion matrix:
75342	273	1292	4	0
1585	800	25	0	0
1181	66	4486	12	0
385	0	86	130	0
7	0	8	0	0
acc:0.9425
confusion matrix:
74544	350	2011	6	0
1203	1059	148	0	0
681	40	5014	10	0
421	0	123	57	0
5	0	10	0	0
acc:0.9416
confusion matrix:
75601	701	609	0	0
1284	1105	21	0	0
912	218	4607	8	0
505	2	78	16	0
3	2	10	0	0
acc:0.9492
{"ratio": 2, "bias": 0, "patience": 4, "times": 10, "epoch": 50, "min_delta": 0.02}
acc = [0.9334,0.937,0.9396,0.9359,0.941,0.931,0.935,0.9425,0.9416,0.9492]
# 0.93861 2.51E-5
#################################################################
###########             sigmoid           #######################
#################################################################
confusion matrix:
71137	1932	3585	257	0
1614	578	208	10	0
437	74	5128	106	0
117	0	121	363	0
6	0	9	0	0
acc:0.9011
confusion matrix:
73881	1451	1557	22	0
1412	906	87	5	0
524	6	5115	100	0
245	0	133	223	0
5	0	10	0	0
acc:0.9351
confusion matrix:
73251	1936	1676	48	0
1240	940	229	1	0
586	122	5008	29	0
243	0	139	219	0
5	1	9	0	0
acc:0.9269
confusion matrix:
74238	1715	943	15	0
1459	879	71	1	0
853	115	4773	4	0
433	0	109	59	0
7	0	8	0	0
acc:0.9331
confusion matrix:
73349	1937	1537	88	0
1387	852	169	2	0
649	11	5052	33	0
238	0	121	242	0
7	0	8	0	0
acc:0.9278
confusion matrix:
73388	1931	1578	14	0
1194	1184	31	1	0
594	267	4861	23	0
348	1	99	153	0
5	0	8	2	0
acc:0.9289
confusion matrix:
74204	1774	511	422	0
1224	1157	26	3	0
993	218	4469	65	0
187	1	76	337	0
8	0	7	0	0
acc:0.9356
confusion matrix:
72987	2017	1861	46	0
1355	1034	18	3	0
728	301	4695	21	0
259	0	124	218	0
6	0	9	0	0
acc:0.9212
confusion matrix:
74019	1990	808	94	0
1441	878	89	2	0
623	41	5032	49	0
224	0	62	315	0
6	3	5	1	0
acc:0.9365
confusion matrix:
73882	2001	968	60	0
1504	882	23	1	0
810	164	4698	73	0
290	0	72	239	0
5	0	6	4	0
acc:0.9302
{"times": 10, "min_delta": 0.002, "ratio": 2, "patience": 4, "epoch": 50, "bias": 0}
acc = [0.9011,0.9351,0.9269,0.9331,0.9278,0.9289,0.9356,0.9212,0.9365,0.9302]
# 92.763% 9.82E-5
confusion matrix:
73774	1970	1143	24	0
1208	1084	118	0	0
854	61	4777	53	0
329	0	85	187	0
6	0	9	0	0
acc:0.9316
confusion matrix:
73766	1829	1314	2	0
1513	789	108	0	0
784	67	4892	2	0
339	0	170	92	0
7	1	7	0	0
acc:0.9283
confusion matrix:
73679	1935	1269	28	0
1383	898	129	0	0
588	130	5005	22	0
296	0	127	178	0
5	1	9	0	0
acc:0.9309
confusion matrix:
72916	1993	1967	35	0
1333	1032	38	7	0
526	315	4843	61	0
253	1	107	240	0
5	0	10	0	0
acc:0.9224
confusion matrix:
73266	2026	1580	39	0
1171	1137	101	1	0
662	79	4993	11	0
232	0	161	208	0
6	0	9	0	0
acc:0.9291
confusion matrix:
73939	1637	912	423	0
1348	984	77	1	0
1016	182	4496	51	0
252	1	93	255	0
7	0	6	2	0
acc:0.9299
confusion matrix:
71711	1791	3403	6	0
1277	933	200	0	0
553	90	5082	20	0
340	0	142	119	0
5	0	10	0	0
acc:0.9085
confusion matrix:
73722	1387	1743	59	0
1456	818	136	0	0
694	42	4881	128	0
337	0	72	192	0
6	0	9	0	0
acc:0.9292
confusion matrix:
73978	1560	1279	94	0
1384	917	108	1	0
735	211	4789	10	0
267	0	147	187	0
6	0	9	0	0
acc:0.9322
confusion matrix:
71757	1991	3156	7	0
1709	567	134	0	0
533	8	5201	3	0
375	0	216	10	0
5	1	9	0	0
acc:0.9049
{"times": 10, "min_delta": 0.005, "ratio": 2, "patience": 4, "epoch": 50, "bias": 0}
acc = [0.9316,0.9283,0.9309,0.9224,0.9291,0.9299,0.9085,0.9292,0.9322,0.9049]
# 92.47% 8.82E-5
confusion matrix:
72517	2068	2313	13	0
1223	1040	146	1	0
435	109	5195	6	0
270	0	186	145	0
5	2	8	0	0
acc:0.9208
confusion matrix:
72950	2000	1919	42	0
1193	1149	66	2	0
655	206	4875	9	0
343	0	150	108	0
6	0	9	0	0
acc:0.923
confusion matrix:
73697	1982	1167	65	0
1551	740	118	1	0
665	2	5074	4	0
300	0	153	148	0
6	0	9	0	0
acc:0.9297
confusion matrix:
72929	1920	1601	461	0
1369	918	116	7	0
692	115	4895	43	0
195	1	98	307	0
5	3	6	1	0
acc:0.9226
confusion matrix:
71808	3831	1215	57	0
1090	1203	102	15	0
453	425	4844	23	0
289	4	145	163	0
6	1	8	0	0
acc:0.9106
confusion matrix:
74258	1719	917	17	0
1142	1187	80	1	0
712	390	4635	8	0
355	2	111	133	0
6	0	9	0	0
acc:0.9362
confusion matrix:
74034	2113	736	28	0
1482	913	12	3	0
785	148	4779	33	0
274	1	115	211	0
7	0	8	0	0
acc:0.9329
confusion matrix:
73698	1994	1151	68	0
1163	1136	105	6	0
652	307	4710	76	0
263	1	83	254	0
6	3	6	0	0
acc:0.9313
confusion matrix:
73662	1987	1248	14	0
1303	1017	90	0	0
852	217	4659	17	0
328	1	140	132	0
6	1	8	0	0
acc:0.9275
confusion matrix:
72628	2030	2206	47	0
1267	1027	115	1	0
389	285	5062	9	0
269	1	145	186	0
6	0	8	1	0
acc:0.9209
{"times": 10, "min_delta": 0.02, "ratio": 2, "patience": 4, "epoch": 50, "bias": 0}
acc = [0.9208,0.923,0.9297,0.9226,0.9106,0.9362,0.9329,0.9313,0.9275,0.9209]
# 92.555% 5.04E-5
