confusion matrix:
73709	24	3102	76	0
1971	19	419	1	0
534	3	5180	28	0
349	1	71	180	0
5	0	9	1	0
acc:0.923
confusion matrix:
74904	48	1949	10	0
2186	65	159	0	0
838	0	4853	54	0
369	0	78	154	0
6	0	9	0	0
acc:0.9334
confusion matrix:
73887	297	2726	1	0
1042	1189	179	0	0
487	228	5025	5	0
363	0	179	59	0
5	0	10	0	0
acc:0.9356
confusion matrix:
71993	56	4854	8	0
1299	876	234	1	0
376	183	5171	15	0
261	0	166	174	0
5	0	10	0	0
acc:0.9128
confusion matrix:
70304	2282	4305	20	0
1034	1161	214	1	0
386	251	5107	1	0
277	4	207	113	0
2	2	11	0	0
acc:0.895
confusion matrix:
74897	409	1601	4	0
1284	999	126	1	0
661	28	4996	60	0
446	0	50	105	0
6	1	8	0	0
acc:0.9453
confusion matrix:
75689	35	1176	11	0
2283	88	39	0	0
883	39	4819	4	0
361	0	176	64	0
4	1	10	0	0
acc:0.9414
confusion matrix:
74436	174	2298	3	0
1598	696	116	0	0
745	85	4883	32	0
487	0	87	27	0
5	0	10	0	0
acc:0.9342
confusion matrix:
73614	9	3265	23	0
1237	799	374	0	0
636	2	5033	74	0
313	0	71	217	0
5	0	10	0	0
acc:0.9298
confusion matrix:
75552	8	1311	40	0
1773	560	76	1	0
689	54	4997	5	0
313	0	182	106	0
5	0	10	0	0
acc:0.9479
{"bias": 0, "min_delta": 0.002, "times": 10, "patience": 3, "ratio": 4, "epoch": 50}
acc = [0.923,0.9334,0.9356,0.9128,0.895,0.9453,0.9414,0.9342,0.9298,0.9479]
# 0.92984 23.15E-5
confusion matrix:
76844	0	42	25	0
2409	0	0	1	0
3828	2	1792	123	0
588	0	5	8	0
10	0	5	0	0
acc:0.9179
confusion matrix:
73627	1775	1508	1	0
1173	1026	211	0	0
591	154	4990	10	0
474	0	101	26	0
5	0	10	0	0
acc:0.9298
confusion matrix:
72933	739	3169	70	0
1073	1110	227	0	0
503	133	5106	3	0
216	2	193	190	0
3	2	10	0	0
acc:0.926
confusion matrix:
74101	1859	800	151	0
1228	1133	49	0	0
716	369	4604	56	0
357	2	75	167	0
7	0	6	2	0
acc:0.9337
confusion matrix:
73149	2024	1166	572	0
2065	298	45	2	0
624	86	5020	15	0
226	0	90	285	0
5	0	9	1	0
acc:0.9191
confusion matrix:
74143	0	2768	0	0
2206	59	145	0	0
607	0	5138	0	0
392	0	209	0	0
5	0	10	0	0
acc:0.926
confusion matrix:
73936	78	2106	791	0
1388	856	164	2	0
662	156	4882	45	0
195	0	84	322	0
6	0	9	0	0
acc:0.9336
confusion matrix:
74242	1377	1291	1	0
1576	692	141	0	1
597	78	5070	0	0
423	0	177	1	0
4	1	10	0	0
acc:0.9337
confusion matrix:
75265	819	742	85	0
1249	1127	34	0	0
762	359	4619	5	0
375	0	64	162	0
6	0	9	0	0
acc:0.9474
confusion matrix:
75447	46	1377	40	1
1327	934	148	0	1
770	124	4813	38	0
373	0	63	165	0
5	0	10	0	0
acc:0.9495
{"bias": 0, "patience": 3, "times": 10, "epoch": 50, "min_delta": 0.005, "ratio": 4}
acc = [0.9179,0.9298,0.926,0.9337,0.9191,0.926,0.9336,0.9337,0.9474,0.9495]
#93.167% 9.93E-5
confusion matrix:
73721	2258	924	8	0
1267	1114	28	0	1
983	326	4380	56	0
458	2	92	49	0
7	0	8	0	0
acc:0.9251
confusion matrix:
75082	372	1444	13	0
1783	606	21	0	0
1066	32	4644	3	0
440	1	84	76	0
6	0	9	0	0
acc:0.9384
confusion matrix:
75731	508	644	28	0
1648	739	22	1	0
969	99	4671	6	0
303	0	135	163	0
6	0	9	0	0
acc:0.9489
confusion matrix:
73463	837	2606	5	0
1092	1154	164	0	0
542	282	4921	0	0
432	0	153	16	0
5	0	10	0	0
acc:0.9285
confusion matrix:
73693	404	2812	2	0
1461	787	161	1	0
538	342	4861	4	0
403	0	143	55	0
5	0	10	0	0
acc:0.9266
confusion matrix:
75464	766	677	4	0
1279	1120	11	0	0
1013	360	4352	20	0
521	0	56	24	0
7	0	7	1	0
acc:0.9449
confusion matrix:
74092	110	2701	8	0
1141	1133	136	0	0
627	165	4942	11	0
426	0	124	51	0
5	0	10	0	0
acc:0.9362
confusion matrix:
72969	2580	1355	7	0
1111	1183	115	1	0
623	284	4813	25	0
401	5	68	127	0
4	2	9	0	0
acc:0.9231
confusion matrix:
76500	2	379	30	0
2398	0	12	0	0
2203	19	3512	11	0
447	0	74	80	0
7	0	8	0	0
acc:0.9348
confusion matrix:
74797	35	1857	222	0
1450	906	54	0	0
881	12	4736	116	0
321	0	34	246	0
6	0	9	0	0
acc:0.9417
{"times": 10, "ratio": 4, "min_delta": 0.02, "epoch": 50, "patience": 3, "bias": 0}
acc = [0.9251,0.9384,0.9489,0.9285,0.9266,0.9449,0.9362,0.9231,0.9348,0.9417]
# 93.481% 7.01E-5
confusion matrix:
73888	915	2023	85	0
1552	712	146	0	0
616	348	4778	3	0
299	1	149	152	0
5	0	10	0	0
acc:0.9282
confusion matrix:
76718	3	189	1	0
2399	8	3	0	0
1697	5	4033	10	0
493	0	48	60	0
9	0	6	0	0
acc:0.9432
confusion matrix:
74422	1364	1118	7	0
1170	1174	66	0	0
641	260	4825	19	0
383	1	99	118	0
5	1	9	0	0
acc:0.94
confusion matrix:
74405	5	2497	4	0
1706	279	425	0	0
651	0	5076	18	0
494	0	107	0	0
6	0	8	1	0
acc:0.9309
confusion matrix:
73198	3401	312	0	0
1174	1227	9	0	0
847	584	4314	0	0
499	9	93	0	0
5	2	8	0	0
acc:0.919
confusion matrix:
70723	690	5485	13	0
1429	785	196	0	0
501	34	5198	12	0
297	0	206	98	0
6	0	9	0	0
acc:0.8964
confusion matrix:
73305	37	3568	1	0
1359	857	194	0	0
673	18	5053	1	0
475	1	97	28	0
6	0	9	0	0
acc:0.9249
confusion matrix:
72627	1944	2339	1	0
1159	1152	99	0	0
553	209	4982	1	0
392	2	176	31	0
3	2	10	0	0
acc:0.9196
confusion matrix:
73786	2158	967	0	0
1139	1157	113	1	0
707	87	4951	0	0
526	1	74	0	0
5	0	10	0	0
acc:0.9324
confusion matrix:
75379	87	1428	17	0
1344	899	167	0	0
641	17	5075	12	0
316	0	81	204	0
6	0	9	0	0
acc:0.9519
{"bias": 0, "ratio": 4, "patience": 4, "epoch": 50, "times": 10, "min_delta": 0.02}
acc = [0.9282,0.9432,0.94,0.9309,0.919,0.8964,0.9249,0.9196,0.9324,0.9519]
# 92.865 21.30E-5
confusion matrix:
74904	35	1963	9	0
2209	85	116	0	0
746	6	4975	18	0
431	0	78	92	0
7	0	8	0	0
acc:0.9343
confusion matrix:
76485	50	374	2	0
1929	466	14	0	1
1031	294	4408	12	0
502	0	42	57	0
6	0	9	0	0
acc:0.9502
confusion matrix:
73430	21	3425	35	0
1951	186	273	0	0
627	0	5109	9	0
311	0	154	136	0
5	0	10	0	0
acc:0.9204
confusion matrix:
74905	589	1152	265	0
2256	102	52	0	0
877	1	4494	373	0
335	0	70	196	0
7	0	5	3	0
acc:0.9301
confusion matrix:
74661	1133	1115	2	0
1302	977	131	0	0
1012	17	4673	43	0
394	0	96	111	0
7	0	7	1	0
acc:0.9386
confusion matrix:
75147	13	1633	118	0
1680	620	110	0	0
622	85	5012	26	0
207	0	138	256	0
5	0	9	1	0
acc:0.9458
confusion matrix:
76672	96	78	65	0
2340	63	7	0	0
2083	16	3582	64	0
527	0	25	49	0
9	0	5	1	0
acc:0.938
confusion matrix:
76451	3	396	61	0
2383	13	13	1	0
1394	0	4342	9	0
336	0	125	140	0
8	0	7	0	0
acc:0.9447
confusion matrix:
76092	23	796	0	0
1486	855	69	0	0
1025	32	4686	2	0
435	0	116	50	0
6	0	9	0	0
acc:0.9533
confusion matrix:
75983	565	93	270	0
2170	233	7	0	0
1627	80	3966	72	0
284	0	22	295	0
7	0	7	1	0
acc:0.9393
{"bias": 0, "times": 10, "patience": 4, "epoch": 50, "ratio": 2, "min_delta": 0.02}
acc = [0.9343,0.9502,0.9204,0.9301,0.9386,0.9458,0.938,0.9447,0.9533,0.9393]
# 93.947% 8.55E-5
confusion matrix:
73732	37	2756	386	0
1584	578	247	1	0
687	1	4966	91	0
216	0	111	274	0
5	0	8	2	0
acc:0.9284
confusion matrix:
75156	480	858	417	0
1831	487	91	1	0
927	25	4736	57	0
218	0	72	311	0
5	0	9	1	0
acc:0.9417
confusion matrix:
76165	57	648	41	0
1812	540	58	0	0
1082	30	4596	37	0
450	0	34	117	0
7	2	6	0	0
acc:0.9502
confusion matrix:
75019	339	1531	22	0
1291	1057	62	0	0
619	292	4797	37	0
361	1	113	126	0
5	0	10	0	0
acc:0.9453
confusion matrix:
72051	30	4804	26	0
1360	913	136	1	0
544	2	5185	14	0
267	0	117	217	0
5	0	10	0	0
acc:0.9146
confusion matrix:
74250	1903	587	171	0
1356	1038	16	0	0
939	161	4622	23	0
289	0	50	262	0
8	2	5	0	0
acc:0.9357
confusion matrix:
74467	103	2338	3	0
1359	843	207	1	0
554	52	5123	16	0
418	0	97	86	0
5	0	10	0	0
acc:0.9397
confusion matrix:
75016	1373	394	128	0
1964	372	74	0	0
1106	109	4519	11	0
328	0	86	187	0
6	0	9	0	0
acc:0.9348
confusion matrix:
74347	529	1996	39	0
1330	953	127	0	0
549	125	5067	4	0
262	2	124	213	0
5	0	10	0	0
acc:0.9405
confusion matrix:
74790	93	1864	161	3
1463	799	146	1	1
543	197	4993	11	1
321	0	125	155	0
5	0	10	0	0
acc:0.9423
{"patience": 4, "ratio": 2, "min_delta": 0.005, "times": 10, "bias": 0, "epoch": 50}
acc = [0.9284,0.9417,0.9502,0.9453,0.9146,0.9357,0.9397,0.9348,0.9405,0.9423]
# 93.732% 8.94E-5
confusion matrix:
72154	1840	2886	31	0
1414	925	70	0	1
471	299	4961	14	0
327	1	102	171	0
5	0	10	0	0
acc:0.9128
confusion matrix:
74238	1938	709	26	0
1499	852	59	0	0
705	77	4938	25	0
336	0	65	200	0
5	1	9	0	0
acc:0.9363
confusion matrix:
70811	978	4888	234	0
1898	153	359	0	0
363	0	5339	43	0
146	0	132	323	0
5	0	10	0	0
acc:0.8943
confusion matrix:
76061	436	405	9	0
2226	164	20	0	0
1269	47	4428	1	0
571	0	30	0	0
6	0	9	0	0
acc:0.9413
confusion matrix:
72435	1920	2548	8	0
1611	674	125	0	0
590	132	5014	9	0
392	0	147	62	0
5	0	10	0	0
acc:0.9125
confusion matrix:
74591	1867	448	5	0
1314	1090	6	0	0
1056	264	4416	9	0
408	0	73	120	0
6	0	9	0	0
acc:0.9362
confusion matrix:
72034	2321	2534	22	0
1059	1216	135	0	0
465	366	4908	6	0
365	3	102	131	0
4	1	10	0	0
acc:0.9137
confusion matrix:
73948	2011	947	5	0
1218	1128	64	0	0
729	86	4928	2	0
374	1	141	85	0
4	1	10	0	0
acc:0.9347
confusion matrix:
75297	1429	183	2	0
2236	172	1	1	0
1993	98	3642	12	0
530	0	22	49	0
12	0	3	0	0
acc:0.9239
confusion matrix:
74008	1641	1252	9	1
1393	1003	13	0	1
708	243	4787	7	0
316	1	180	104	0
5	0	10	0	0
acc:0.9325
{"epoch": 50, "bias": 0, "times": 10, "ratio": 2, "min_delta": 0.002, "patience": 4}
acc = [0.9128,0.9363,0.8943,0.9413,0.9125,0.9362,0.9137,0.9347,0.9239,0.9325]
# 92.382% 20.32E-5
confusion matrix:
74434	2227	248	2	0
1212	1195	3	0	0
1207	576	3927	35	0
438	3	32	128	0
6	1	8	0	0
acc:0.93
confusion matrix:
74128	1948	832	3	0
1364	912	134	0	0
730	59	4939	17	0
396	0	69	136	0
5	0	10	0	0
acc:0.935
confusion matrix:
75326	102	1448	35	0
1516	828	65	1	0
957	17	4754	17	0
338	0	112	151	0
5	1	9	0	0
acc:0.946
confusion matrix:
74116	465	2310	20	0
1428	893	89	0	0
603	224	4899	19	0
345	0	135	121	0
8	0	5	2	0
acc:0.934
confusion matrix:
75218	1563	98	32	0
1479	929	1	0	1
2375	38	3317	15	0
437	0	10	154	0
10	0	5	0	0
acc:0.9292
confusion matrix:
72946	764	3003	198	0
1145	1001	264	0	0
552	60	5056	77	0
223	0	165	213	0
5	0	8	2	0
acc:0.9245
confusion matrix:
72680	26	4204	1	0
1793	411	205	0	1
388	1	5356	0	0
459	0	142	0	0
6	0	9	0	0
acc:0.9156
confusion matrix:
75498	449	933	31	0
2231	118	61	0	0
809	4	4914	18	0
414	0	90	97	0
7	0	8	0	0
acc:0.941
confusion matrix:
74410	966	1503	32	0
1345	946	119	0	0
1139	352	4181	73	0
440	2	24	135	0
6	0	9	0	0
acc:0.9299
confusion matrix:
75824	153	933	1	0
1223	1164	23	0	0
1009	120	4616	0	0
526	3	72	0	0
5	0	10	0	0
acc:0.9524
{"times": 10, "patience": 4, "bias": 0, "min_delta": 0.002, "ratio": 2, "epoch": 50}
acc = [0.93,0.935,0.946,0.934,0.9292,0.9245,0.9156,0.941,0.9299,0.9524]
# 93.374% 10.17E-5
confusion matrix:
72761	3006	1140	4	0
1287	1089	34	0	0
687	135	4910	13	0
396	1	112	92	0
5	0	10	0	0
acc:0.9203
confusion matrix:
73751	799	2359	2	0
1311	872	227	0	0
661	30	5048	6	0
413	0	103	85	0
6	1	8	0	0
acc:0.9308
confusion matrix:
75200	646	801	264	0
2288	70	52	0	0
837	24	4881	3	0
240	0	188	173	0
6	0	9	0	0
acc:0.9375
confusion matrix:
76346	8	551	6	0
1611	681	118	0	0
911	1	4831	2	0
411	0	88	102	0
6	0	9	0	0
acc:0.9566
confusion matrix:
73721	2578	598	14	0
1093	1230	87	0	0
648	384	4687	26	0
359	8	70	164	0
4	3	8	0	0
acc:0.9314
confusion matrix:
74847	1261	749	54	0
1495	863	51	1	0
787	96	4850	12	0
348	1	71	181	0
8	0	7	0	0
acc:0.9423
confusion matrix:
75814	585	505	7	0
2117	240	53	0	0
1043	5	4691	6	0
377	0	93	131	0
6	0	9	0	0
acc:0.9439
confusion matrix:
72407	1429	3018	57	0
1221	748	441	0	0
490	8	5227	20	0
288	0	110	203	0
5	0	10	0	0
acc:0.9172
confusion matrix:
73128	38	3689	56	0
1157	877	375	1	0
393	9	5326	17	0
244	0	164	193	0
8	0	7	0	0
acc:0.9281
confusion matrix:
74210	1545	1130	26	0
1252	1005	153	0	0
575	29	5105	36	0
344	0	76	181	0
5	0	10	0	0
acc:0.9395
{"times": 10, "patience": 4, "bias": 0, "min_delta": 0.005, "ratio": 2, "epoch": 50}
acc = [0.9203,0.9308,0.9375,0.9566,0.9314,0.9423,0.9439,0.9172,0.9281,0.9395]
# 0.93476 12.36E-5
confusion matrix:
76533	0	305	73	0
2396	5	9	0	0
1758	57	3910	20	0
456	0	21	124	0
8	0	7	0	0
acc:0.9404
confusion matrix:
72356	0	4549	6	0
1926	36	447	1	0
518	0	5207	20	0
355	0	123	123	0
5	0	10	0	0
acc:0.9071
confusion matrix:
73745	1337	1691	138	0
1628	698	82	2	0
519	280	4929	17	0
220	0	191	190	0
5	0	10	0	0
acc:0.9286
confusion matrix:
75214	1511	86	100	0
2335	70	4	1	0
2826	16	2861	42	0
396	0	19	186	0
9	0	6	0	0
acc:0.9142
confusion matrix:
76178	223	410	98	2
1752	626	32	0	0
1321	66	4354	4	0
347	0	76	178	0
7	0	8	0	0
acc:0.9493
confusion matrix:
73130	3375	400	2	4
1378	1028	4	0	0
1103	278	4360	4	0
485	0	52	64	0
5	0	10	0	0
acc:0.9171
confusion matrix:
73111	0	3786	14	0
2200	0	210	0	0
757	0	4971	17	0
336	0	149	116	0
5	0	10	0	0
acc:0.9127
confusion matrix:
74484	2023	382	22	0
1279	1121	10	0	0
1201	251	4280	13	0
446	1	50	104	0
8	0	7	0	0
acc:0.9336
confusion matrix:
74806	1718	344	43	0
1466	937	7	0	0
1242	175	4317	11	0
352	0	79	170	0
7	0	8	0	0
acc:0.9364
confusion matrix:
72602	2119	2189	1	0
1203	1098	109	0	0
586	244	4915	0	0
447	1	153	0	0
5	0	10	0	0
acc:0.9175
{"times": 10, "patience": 4, "bias": 0, "min_delta": 0.02, "ratio": 2, "epoch": 50}
acc = [0.9404,0.9071,0.9286,0.9142,0.9493,0.9171,0.9127,0.9336,0.9364,0.9175]
# 92.569% 17.47%
confusion matrix:
74434	2227	248	2	0
1212	1195	3	0	0
1207	576	3927	35	0
438	3	32	128	0
6	1	8	0	0
acc:0.93
confusion matrix:
74128	1948	832	3	0
1364	912	134	0	0
730	59	4939	17	0
396	0	69	136	0
5	0	10	0	0
acc:0.935
confusion matrix:
75326	102	1448	35	0
1516	828	65	1	0
957	17	4754	17	0
338	0	112	151	0
5	1	9	0	0
acc:0.946
confusion matrix:
74116	465	2310	20	0
1428	893	89	0	0
603	224	4899	19	0
345	0	135	121	0
8	0	5	2	0
acc:0.934
confusion matrix:
75218	1563	98	32	0
1479	929	1	0	1
2375	38	3317	15	0
437	0	10	154	0
10	0	5	0	0
acc:0.9292
confusion matrix:
72946	764	3003	198	0
1145	1001	264	0	0
552	60	5056	77	0
223	0	165	213	0
5	0	8	2	0
acc:0.9245
confusion matrix:
72680	26	4204	1	0
1793	411	205	0	1
388	1	5356	0	0
459	0	142	0	0
6	0	9	0	0
acc:0.9156
confusion matrix:
75498	449	933	31	0
2231	118	61	0	0
809	4	4914	18	0
414	0	90	97	0
7	0	8	0	0
acc:0.941
confusion matrix:
74410	966	1503	32	0
1345	946	119	0	0
1139	352	4181	73	0
440	2	24	135	0
6	0	9	0	0
acc:0.9299
confusion matrix:
75824	153	933	1	0
1223	1164	23	0	0
1009	120	4616	0	0
526	3	72	0	0
5	0	10	0	0
acc:0.9524
{"times": 10, "patience": 4, "bias": 0, "min_delta": 0.002, "ratio": 2, "epoch": 50}
acc = [0.93,0.935,0.946,0.934,0.9292,0.9245,0.9156,0.941,0.9299,0.9524]
# 93.374% 10.17E-5
confusion matrix:
72761	3006	1140	4	0
1287	1089	34	0	0
687	135	4910	13	0
396	1	112	92	0
5	0	10	0	0
acc:0.9203
confusion matrix:
73751	799	2359	2	0
1311	872	227	0	0
661	30	5048	6	0
413	0	103	85	0
6	1	8	0	0
acc:0.9308
confusion matrix:
75200	646	801	264	0
2288	70	52	0	0
837	24	4881	3	0
240	0	188	173	0
6	0	9	0	0
acc:0.9375
confusion matrix:
76346	8	551	6	0
1611	681	118	0	0
911	1	4831	2	0
411	0	88	102	0
6	0	9	0	0
acc:0.9566
confusion matrix:
73721	2578	598	14	0
1093	1230	87	0	0
648	384	4687	26	0
359	8	70	164	0
4	3	8	0	0
acc:0.9314
confusion matrix:
74847	1261	749	54	0
1495	863	51	1	0
787	96	4850	12	0
348	1	71	181	0
8	0	7	0	0
acc:0.9423
confusion matrix:
75814	585	505	7	0
2117	240	53	0	0
1043	5	4691	6	0
377	0	93	131	0
6	0	9	0	0
acc:0.9439
confusion matrix:
72407	1429	3018	57	0
1221	748	441	0	0
490	8	5227	20	0
288	0	110	203	0
5	0	10	0	0
acc:0.9172
confusion matrix:
73128	38	3689	56	0
1157	877	375	1	0
393	9	5326	17	0
244	0	164	193	0
8	0	7	0	0
acc:0.9281
confusion matrix:
74210	1545	1130	26	0
1252	1005	153	0	0
575	29	5105	36	0
344	0	76	181	0
5	0	10	0	0
acc:0.9395
{"times": 10, "patience": 4, "bias": 0, "min_delta": 0.005, "ratio": 2, "epoch": 50}
acc = [0.9203,0.9308,0.9375,0.9566,0.9314,0.9423,0.9439,0.9172,0.9281,0.9395]
# 0.93476 12.36E-5
confusion matrix:
76533	0	305	73	0
2396	5	9	0	0
1758	57	3910	20	0
456	0	21	124	0
8	0	7	0	0
acc:0.9404
confusion matrix:
72356	0	4549	6	0
1926	36	447	1	0
518	0	5207	20	0
355	0	123	123	0
5	0	10	0	0
acc:0.9071
confusion matrix:
73745	1337	1691	138	0
1628	698	82	2	0
519	280	4929	17	0
220	0	191	190	0
5	0	10	0	0
acc:0.9286
confusion matrix:
75214	1511	86	100	0
2335	70	4	1	0
2826	16	2861	42	0
396	0	19	186	0
9	0	6	0	0
acc:0.9142
confusion matrix:
76178	223	410	98	2
1752	626	32	0	0
1321	66	4354	4	0
347	0	76	178	0
7	0	8	0	0
acc:0.9493
confusion matrix:
73130	3375	400	2	4
1378	1028	4	0	0
1103	278	4360	4	0
485	0	52	64	0
5	0	10	0	0
acc:0.9171
confusion matrix:
73111	0	3786	14	0
2200	0	210	0	0
757	0	4971	17	0
336	0	149	116	0
5	0	10	0	0
acc:0.9127
confusion matrix:
74484	2023	382	22	0
1279	1121	10	0	0
1201	251	4280	13	0
446	1	50	104	0
8	0	7	0	0
acc:0.9336
confusion matrix:
74806	1718	344	43	0
1466	937	7	0	0
1242	175	4317	11	0
352	0	79	170	0
7	0	8	0	0
acc:0.9364
confusion matrix:
72602	2119	2189	1	0
1203	1098	109	0	0
586	244	4915	0	0
447	1	153	0	0
5	0	10	0	0
acc:0.9175
{"times": 10, "patience": 4, "bias": 0, "min_delta": 0.02, "ratio": 2, "epoch": 50}
acc = [0.9404,0.9071,0.9286,0.9142,0.9493,0.9171,0.9127,0.9336,0.9364,0.9175]
# 92.569% 17.47E-5
confusion matrix:
71536	2689	2653	33	0
1109	1026	274	1	0
434	58	5243	10	0
265	0	153	183	0
8	2	5	0	0
acc:0.9102
confusion matrix:
74265	1632	981	33	0
1371	956	83	0	0
798	105	4832	10	0
261	3	101	236	0
8	0	7	0	0
acc:0.9371
confusion matrix:
72207	1517	3073	114	0
1154	1146	109	1	0
757	116	4864	8	0
134	0	155	312	0
11	1	3	0	0
acc:0.9165
confusion matrix:
74007	2260	528	116	0
1557	832	20	1	0
728	165	4689	163	0
214	0	28	359	0
10	0	4	1	0
acc:0.9324
confusion matrix:
74326	1495	726	364	0
1525	821	62	2	0
772	171	4759	43	0
144	0	61	396	0
7	1	6	1	0
acc:0.9372
confusion matrix:
76127	176	441	167	0
2280	102	28	0	0
911	45	4773	16	0
172	0	134	295	0
7	0	8	0	0
acc:0.9488
confusion matrix:
75678	463	740	30	0
1415	927	68	0	0
780	24	4875	66	0
221	0	61	319	0
8	0	7	0	0
acc:0.9547
confusion matrix:
75239	1388	276	8	0
2070	335	5	0	0
1355	51	4269	70	0
411	0	30	160	0
11	0	4	0	0
acc:0.9337
confusion matrix:
72742	1954	2000	215	0
1399	842	164	5	0
536	116	5063	30	0
185	0	90	326	0
5	0	10	0	0
acc:0.9217
confusion matrix:
73608	2041	611	651	0
1382	951	74	3	0
762	199	4709	75	0
108	0	54	439	0
9	0	5	1	0
acc:0.9303
{"epoch": 50, "bias": 2, "times": 10, "ratio": 2, "patience": 4, "min_delta": 0.002}
acc = [0.9102,0.9371,0.9165,0.9324,0.9372,0.9488,0.9547,0.9337,0.9217,0.9303]
# 93.226% 16.77E-5
confusion matrix:
76035	135	291	448	2
2354	12	42	2	0
1239	6	4426	72	2
125	0	34	442	0
9	0	6	0	0
acc:0.9444
confusion matrix:
74069	1636	865	341	0
1391	906	111	2	0
590	64	5086	5	0
177	0	150	274	0
10	0	5	0	0
acc:0.9376
confusion matrix:
74442	1781	531	157	0
1580	793	37	0	0
1033	17	4633	62	0
246	0	48	307	0
6	0	8	1	0
acc:0.9357
confusion matrix:
74932	1294	633	52	0
1339	934	137	0	0
742	208	4753	42	0
216	0	42	343	0
6	1	8	0	0
acc:0.9449
confusion matrix:
76127	176	441	167	0
2280	102	28	0	0
911	45	4773	16	0
172	0	134	295	0
7	0	8	0	0
acc:0.9488
confusion matrix:
76383	156	203	169	0
1552	758	99	1	0
2242	0	3425	78	0
523	0	12	66	0
13	0	2	0	0
acc:0.9411
confusion matrix:
74734	1186	973	18	0
1297	1083	30	0	0
631	349	4694	71	0
229	3	49	320	0
9	0	4	2	0
acc:0.9434
confusion matrix:
73683	2348	815	65	0
1330	968	112	0	0
492	278	4964	11	0
211	0	135	255	0
4	1	10	0	0
acc:0.9322
confusion matrix:
74781	1575	398	157	0
1602	766	40	2	0
1076	140	4515	14	0
335	3	38	225	0
10	2	3	0	0
acc:0.937
confusion matrix:
75480	629	181	621	0
1498	875	33	4	0
1481	113	4082	69	0
180	0	21	400	0
12	0	3	0	0
acc:0.9435
{"epoch": 50, "bias": 2, "times": 10, "ratio": 2, "patience": 4, "min_delta": 0.005}
acc = [0.9444,0.9376,0.9357,0.9449,0.9488,0.9411,0.9434,0.9322,0.937,0.9435]
# 94.086% 2.33E-5
confusion matrix:
74442	1781	531	157	0
1580	793	37	0	0
1033	17	4633	62	0
246	0	48	307	0
6	0	8	1	0
acc:0.9357
confusion matrix:
73498	829	2563	21	0
1284	965	161	0	0
490	39	5199	17	0
293	0	122	186	0
8	0	6	1	0
acc:0.9319
confusion matrix:
76127	176	441	167	0
2280	102	28	0	0
911	45	4773	16	0
172	0	134	295	0
7	0	8	0	0
acc:0.9488
confusion matrix:
73941	1786	1150	34	0
1170	1121	119	0	0
588	144	4988	25	0
298	0	80	223	0
11	0	4	0	0
acc:0.9369
confusion matrix:
76178	223	410	98	2
1752	626	32	0	0
1321	66	4354	4	0
347	0	76	178	0
7	0	8	0	0
acc:0.9493
confusion matrix:
75582	929	245	155	0
2021	379	8	2	0
1271	134	4121	219	0
182	2	23	394	0
12	0	3	0	0
acc:0.9392
confusion matrix:
75480	629	181	621	0
1498	875	33	4	0
1481	113	4082	69	0
180	0	21	400	0
12	0	3	0	0
acc:0.9435
confusion matrix:
74932	1294	633	52	0
1339	934	137	0	0
742	208	4753	42	0
216	0	42	343	0
6	1	8	0	0
acc:0.9449
confusion matrix:
74734	1186	973	18	0
1297	1083	30	0	0
631	349	4694	71	0
229	3	49	320	0
9	0	4	2	0
acc:0.9434
confusion matrix:
76035	135	291	448	2
2354	12	42	2	0
1239	6	4426	72	2
125	0	34	442	0
9	0	6	0	0
acc:0.9444
{"epoch": 50, "bias": 2, "times": 10, "ratio": 2, "patience": 4, "min_delta": 0.02}
acc = [0.9357,0.9319,0.9488,0.9369,0.9493,0.9392,0.9435,0.9449,0.9434,0.9444]
# 0.9418 2.93E-5
